-15	2.51923e-41
-14.95	3.45624e-41
-14.9	4.74176e-41
-14.85	6.50543e-41
-14.8	8.92507e-41
-14.75	1.22447e-40
-14.7	1.6799e-40
-14.65	2.30473e-40
-14.6	3.16195e-40
-14.55	4.33802e-40
-14.5	5.95152e-40
-14.45	8.16514e-40
-14.4	1.12021e-39
-14.35	1.53686e-39
-14.3	2.10849e-39
-14.25	2.89273e-39
-14.2	3.96866e-39
-14.15	5.44477e-39
-14.1	7.46991e-39
-14.05	1.02483e-38
-14	1.40601e-38
-13.95	1.92896e-38
-13.9	2.64642e-38
-13.85	3.63074e-38
-13.8	4.98117e-38
-13.75	6.83388e-38
-13.7	9.37569e-38
-13.65	1.28629e-37
-13.6	1.76472e-37
-13.55	2.42109e-37
-13.5	3.3216e-37
-13.45	4.55704e-37
-13.4	6.252e-37
-13.35	8.57739e-37
-13.3	1.17677e-36
-13.25	1.61446e-36
-13.2	2.21494e-36
-13.15	3.03878e-36
-13.1	4.16903e-36
-13.05	5.71967e-36
-13	7.84706e-36
-12.95	1.07657e-35
-12.9	1.47699e-35
-12.85	2.02635e-35
-12.8	2.78004e-35
-12.75	3.81405e-35
-12.7	5.23266e-35
-12.65	7.17891e-35
-12.6	9.84906e-35
-12.55	1.35123e-34
-12.5	1.85382e-34
-12.45	2.54333e-34
-12.4	3.4893e-34
-12.35	4.78712e-34
-12.3	6.56766e-34
-12.25	9.01045e-34
-12.2	1.23618e-33
-12.15	1.69597e-33
-12.1	2.32677e-33
-12.05	3.1922e-33
-12	4.37952e-33
-11.95	6.00845e-33
-11.9	8.24325e-33
-11.85	1.13093e-32
-11.8	1.55157e-32
-11.75	2.12866e-32
-11.7	2.9204e-32
-11.65	4.00662e-32
-11.6	5.49685e-32
-11.55	7.54137e-32
-11.5	1.03463e-31
-11.45	1.41946e-31
-11.4	1.94741e-31
-11.35	2.67174e-31
-11.3	3.66547e-31
-11.25	5.02882e-31
-11.2	6.89925e-31
-11.15	9.46538e-31
-11.1	1.2986e-30
-11.05	1.7816e-30
-11	2.44425e-30
-10.95	3.35337e-30
-10.9	4.60063e-30
-10.85	6.31181e-30
-10.8	8.65944e-30
-10.75	1.18803e-29
-10.7	1.6299e-29
-10.65	2.23613e-29
-10.6	3.06785e-29
-10.55	4.20891e-29
-10.5	5.77438e-29
-10.45	7.92212e-29
-10.4	1.08687e-28
-10.35	1.49112e-28
-10.3	2.04574e-28
-10.25	2.80663e-28
-10.2	3.85054e-28
-10.15	5.28272e-28
-10.1	7.24758e-28
-10.05	9.94327e-28
-10	1.36416e-27
-9.95	1.87155e-27
-9.9	2.56766e-27
-9.85	3.52268e-27
-9.8	4.83291e-27
-9.75	6.63048e-27
-9.7	9.09664e-27
-9.65	1.24801e-26
-9.6	1.71219e-26
-9.55	2.34903e-26
-9.5	3.22274e-26
-9.45	4.42141e-26
-9.4	6.06592e-26
-9.35	8.3221e-26
-9.3	1.14174e-25
-9.25	1.56641e-25
-9.2	2.14902e-25
-9.15	2.94833e-25
-9.1	4.04495e-25
-9.05	5.54943e-25
-9	7.61351e-25
-8.95	1.04453e-24
-8.9	1.43303e-24
-8.85	1.96604e-24
-8.8	2.6973e-24
-8.75	3.70054e-24
-8.7	5.07692e-24
-8.65	6.96525e-24
-8.6	9.55592e-24
-8.55	1.31102e-23
-8.5	1.79864e-23
-8.45	2.46763e-23
-8.4	3.38545e-23
-8.35	4.64464e-23
-8.3	6.37218e-23
-8.25	8.74227e-23
-8.2	1.19939e-22
-8.15	1.64549e-22
-8.1	2.25752e-22
-8.05	3.09719e-22
-8	4.24917e-22
-7.95	5.82962e-22
-7.9	7.9979e-22
-7.85	1.09727e-21
-7.8	1.50539e-21
-7.75	2.0653e-21
-7.7	2.83348e-21
-7.65	3.88737e-21
-7.6	5.33325e-21
-7.55	7.31691e-21
-7.5	1.00384e-20
-7.45	1.37721e-20
-7.4	1.88945e-20
-7.35	2.59222e-20
-7.3	3.55638e-20
-7.25	4.87915e-20
-7.2	6.69391e-20
-7.15	9.18366e-20
-7.1	1.25995e-19
-7.05	1.72857e-19
-7	2.3715e-19
-6.95	3.25357e-19
-6.9	4.46371e-19
-6.85	6.12395e-19
-6.8	8.40171e-19
-6.75	1.15267e-18
-6.7	1.58139e-18
-6.65	2.16958e-18
-6.6	2.97654e-18
-6.55	4.08364e-18
-6.5	5.60252e-18
-6.45	7.68634e-18
-6.4	1.05452e-17
-6.35	1.44674e-17
-6.3	1.98485e-17
-6.25	2.7231e-17
-6.2	3.73593e-17
-6.15	5.12549e-17
-6.1	7.03188e-17
-6.05	9.64733e-17
-6	1.32356e-16
-5.95	1.81585e-16
-5.9	2.49124e-16
-5.85	3.41783e-16
-5.8	4.68907e-16
-5.75	6.43314e-16
-5.7	8.8259e-16
-5.65	1.21086e-15
-5.6	1.66123e-15
-5.55	2.27912e-15
-5.5	3.12682e-15
-5.45	4.28982e-15
-5.4	5.88538e-15
-5.35	8.07441e-15
-5.3	1.10776e-14
-5.25	1.51979e-14
-5.2	2.08506e-14
-5.15	2.86058e-14
-5.1	3.92456e-14
-5.05	5.38427e-14
-5	7.38691e-14
-4.95	1.01344e-13
-4.9	1.39038e-13
-4.85	1.90753e-13
-4.8	2.61702e-13
-4.75	3.5904e-13
-4.7	4.92582e-13
-4.65	6.75794e-13
-4.6	9.27151e-13
-4.55	1.272e-12
-4.5	1.74511e-12
-4.45	2.39419e-12
-4.4	3.28469e-12
-4.35	4.50641e-12
-4.3	6.18253e-12
-4.25	8.48208e-12
-4.2	1.16369e-11
-4.15	1.59652e-11
-4.1	2.19033e-11
-4.05	3.00501e-11
-4	4.1227e-11
-3.95	5.65611e-11
-3.9	7.75986e-11
-3.85	1.06461e-10
-3.8	1.46058e-10
-3.75	2.00383e-10
-3.7	2.74915e-10
-3.65	3.77167e-10
-3.6	5.17452e-10
-3.55	7.09914e-10
-3.5	9.73962e-10
-3.45	1.33622e-09
-3.4	1.83322e-09
-3.35	2.51507e-09
-3.3	3.45053e-09
-3.25	4.73393e-09
-3.2	6.49468e-09
-3.15	8.91033e-09
-3.1	1.22245e-08
-3.05	1.67713e-08
-3	2.30092e-08
-2.95	3.15673e-08
-2.9	4.33085e-08
-2.85	5.94168e-08
-2.8	8.15165e-08
-2.75	1.11836e-07
-2.7	1.53433e-07
-2.65	2.10501e-07
-2.6	2.88795e-07
-2.55	3.9621e-07
-2.5	5.43577e-07
-2.45	7.45757e-07
-2.4	1.02314e-06
-2.35	1.40368e-06
-2.3	1.92577e-06
-2.25	2.64205e-06
-2.2	3.62474e-06
-2.15	4.97293e-06
-2.1	6.82256e-06
-2.05	9.36015e-06
-2	1.28416e-05
-1.95	1.76179e-05
-1.9	2.41706e-05
-1.85	3.31606e-05
-1.8	4.54941e-05
-1.75	6.24148e-05
-1.7	8.56285e-05
-1.65	0.000117476
-1.6	0.000161166
-1.55	0.000221104
-1.5	0.00030333
-1.45	0.000416127
-1.4	0.000570859
-1.35	0.000783102
-1.3	0.00107422
-1.25	0.00147347
-1.2	0.00202096
-1.15	0.0027716
-1.1	0.00380051
-1.05	0.0052104
-1	0.00714144
-0.95	0.00978462
-0.9	0.0133995
-0.85	0.0183374
-0.8	0.025072
-0.75	0.0342365
-0.7	0.0466702
-0.65	0.0634702
-0.6	0.0860421
-0.55	0.116137
-0.5	0.155844
-0.45	0.207494
-0.4	0.273393
-0.35	0.355308
-0.3	0.453604
-0.25	0.566073
-0.2	0.68669
-0.15	0.804901
-0.1	0.906308
-0.05	0.975411
0	1
0.05	0.975411
0.1	0.906308
0.15	0.804901
0.2	0.68669
0.25	0.566073
0.3	0.453604
0.35	0.355308
0.4	0.273393
0.45	0.207494
0.5	0.155844
0.55	0.116137
0.6	0.0860421
0.65	0.0634702
0.7	0.0466702
0.75	0.0342365
0.8	0.025072
0.85	0.0183374
0.9	0.0133995
0.95	0.00978462
1	0.00714144
1.05	0.0052104
1.1	0.00380051
1.15	0.0027716
1.2	0.00202096
1.25	0.00147347
1.3	0.00107422
1.35	0.000783102
1.4	0.000570859
1.45	0.000416127
1.5	0.00030333
1.55	0.000221104
1.6	0.000161166
1.65	0.000117476
1.7	8.56285e-05
1.75	6.24148e-05
1.8	4.54941e-05
1.85	3.31606e-05
1.9	2.41706e-05
1.95	1.76179e-05
2	1.28416e-05
2.05	9.36015e-06
2.1	6.82256e-06
2.15	4.97293e-06
2.2	3.62474e-06
2.25	2.64205e-06
2.3	1.92577e-06
2.35	1.40368e-06
2.4	1.02314e-06
2.45	7.45757e-07
2.5	5.43577e-07
2.55	3.9621e-07
2.6	2.88795e-07
2.65	2.10501e-07
2.7	1.53433e-07
2.75	1.11836e-07
2.8	8.15165e-08
2.85	5.94168e-08
2.9	4.33085e-08
2.95	3.15673e-08
3	2.30092e-08
3.05	1.67713e-08
3.1	1.22245e-08
3.15	8.91033e-09
3.2	6.49468e-09
3.25	4.73393e-09
3.3	3.45053e-09
3.35	2.51507e-09
3.4	1.83322e-09
3.45	1.33622e-09
3.5	9.73962e-10
3.55	7.09914e-10
3.6	5.17452e-10
3.65	3.77167e-10
3.7	2.74915e-10
3.75	2.00383e-10
3.8	1.46058e-10
3.85	1.06461e-10
3.9	7.75986e-11
3.95	5.65611e-11
4	4.1227e-11
4.05	3.00501e-11
4.1	2.19033e-11
4.15	1.59652e-11
4.2	1.16369e-11
4.25	8.48208e-12
4.3	6.18253e-12
4.35	4.50641e-12
4.4	3.28469e-12
4.45	2.39419e-12
4.5	1.74511e-12
4.55	1.272e-12
4.6	9.27151e-13
4.65	6.75794e-13
4.7	4.92582e-13
4.75	3.5904e-13
4.8	2.61702e-13
4.85	1.90753e-13
4.9	1.39038e-13
4.95	1.01344e-13
5	7.38691e-14
5.05	5.38427e-14
5.1	3.92456e-14
5.15	2.86058e-14
5.2	2.08506e-14
5.25	1.51979e-14
5.3	1.10776e-14
5.35	8.07441e-15
5.4	5.88538e-15
5.45	4.28982e-15
5.5	3.12682e-15
5.55	2.27912e-15
5.6	1.66123e-15
5.65	1.21086e-15
5.7	8.8259e-16
5.75	6.43314e-16
5.8	4.68907e-16
5.85	3.41783e-16
5.9	2.49124e-16
5.95	1.81585e-16
6	1.32356e-16
6.05	9.64733e-17
6.1	7.03188e-17
6.15	5.12549e-17
6.2	3.73593e-17
6.25	2.7231e-17
6.3	1.98485e-17
6.35	1.44674e-17
6.4	1.05452e-17
6.45	7.68634e-18
6.5	5.60252e-18
6.55	4.08364e-18
6.6	2.97654e-18
6.65	2.16958e-18
6.7	1.58139e-18
6.75	1.15267e-18
6.8	8.40171e-19
6.85	6.12395e-19
6.9	4.46371e-19
6.95	3.25357e-19
7	2.3715e-19
7.05	1.72857e-19
7.1	1.25995e-19
7.15	9.18366e-20
7.2	6.69391e-20
7.25	4.87915e-20
7.3	3.55638e-20
7.35	2.59222e-20
7.4	1.88945e-20
7.45	1.37721e-20
7.5	1.00384e-20
7.55	7.31691e-21
7.6	5.33325e-21
7.65	3.88737e-21
7.7	2.83348e-21
7.75	2.0653e-21
7.8	1.50539e-21
7.85	1.09727e-21
7.9	7.9979e-22
7.95	5.82962e-22
8	4.24917e-22
8.05	3.09719e-22
8.1	2.25752e-22
8.15	1.64549e-22
8.2	1.19939e-22
8.25	8.74227e-23
8.3	6.37218e-23
8.35	4.64464e-23
8.4	3.38545e-23
8.45	2.46763e-23
8.5	1.79864e-23
8.55	1.31102e-23
8.6	9.55592e-24
8.65	6.96525e-24
8.7	5.07692e-24
8.75	3.70054e-24
8.8	2.6973e-24
8.85	1.96604e-24
8.9	1.43303e-24
8.95	1.04453e-24
9	7.61351e-25
9.05	5.54943e-25
9.1	4.04495e-25
9.15	2.94833e-25
9.2	2.14902e-25
9.25	1.56641e-25
9.3	1.14174e-25
9.35	8.3221e-26
9.4	6.06592e-26
9.45	4.42141e-26
9.5	3.22274e-26
9.55	2.34903e-26
9.6	1.71219e-26
9.65	1.24801e-26
9.7	9.09664e-27
9.75	6.63048e-27
9.8	4.83291e-27
9.85	3.52268e-27
9.9	2.56766e-27
9.95	1.87155e-27
10	1.36416e-27
10.05	9.94327e-28
10.1	7.24758e-28
10.15	5.28272e-28
10.2	3.85054e-28
10.25	2.80663e-28
10.3	2.04574e-28
10.35	1.49112e-28
10.4	1.08687e-28
10.45	7.92212e-29
10.5	5.77438e-29
10.55	4.20891e-29
10.6	3.06785e-29
10.65	2.23613e-29
10.7	1.6299e-29
10.75	1.18803e-29
10.8	8.65944e-30
10.85	6.31181e-30
10.9	4.60063e-30
10.95	3.35337e-30
11	2.44425e-30
11.05	1.7816e-30
11.1	1.2986e-30
11.15	9.46538e-31
11.2	6.89925e-31
11.25	5.02882e-31
11.3	3.66547e-31
11.35	2.67174e-31
11.4	1.94741e-31
11.45	1.41946e-31
11.5	1.03463e-31
11.55	7.54137e-32
11.6	5.49685e-32
11.65	4.00662e-32
11.7	2.9204e-32
11.75	2.12866e-32
11.8	1.55157e-32
11.85	1.13093e-32
11.9	8.24325e-33
11.95	6.00845e-33
12	4.37952e-33
12.05	3.1922e-33
12.1	2.32677e-33
12.15	1.69597e-33
12.2	1.23618e-33
12.25	9.01045e-34
12.3	6.56766e-34
12.35	4.78712e-34
12.4	3.4893e-34
12.45	2.54333e-34
12.5	1.85382e-34
12.55	1.35123e-34
12.6	9.84906e-35
12.65	7.17891e-35
12.7	5.23266e-35
12.75	3.81405e-35
12.8	2.78004e-35
12.85	2.02635e-35
12.9	1.47699e-35
12.95	1.07657e-35
13	7.84706e-36
13.05	5.71967e-36
13.1	4.16903e-36
13.15	3.03878e-36
13.2	2.21494e-36
13.25	1.61446e-36
13.3	1.17677e-36
13.35	8.57739e-37
13.4	6.252e-37
13.45	4.55704e-37
13.5	3.3216e-37
13.55	2.42109e-37
13.6	1.76472e-37
13.65	1.28629e-37
13.7	9.37569e-38
13.75	6.83388e-38
13.8	4.98117e-38
13.85	3.63074e-38
13.9	2.64642e-38
13.95	1.92896e-38
14	1.40601e-38
14.05	1.02483e-38
14.1	7.46991e-39
14.15	5.44477e-39
14.2	3.96866e-39
14.25	2.89273e-39
14.3	2.10849e-39
14.35	1.53686e-39
14.4	1.12021e-39
14.45	8.16514e-40
14.5	5.95152e-40
14.55	4.33802e-40
14.6	3.16195e-40
14.65	2.30473e-40
14.7	1.6799e-40
14.75	1.22447e-40
14.8	8.92507e-41
14.85	6.50543e-41
14.9	4.74176e-41
14.95	3.45624e-41
