-1	-5	5.91119e-49
-1	-4.89	1.33278e-48
-1	-4.78	1.11096e-47
-1	-4.67	1.00494e-46
-1	-4.56	9.07072e-46
-1	-4.45	8.1864e-45
-1	-4.34	7.38823e-44
-1	-4.23	6.66789e-43
-1	-4.12	6.01778e-42
-1	-4.01	5.43106e-41
-1	-3.9	4.90153e-40
-1	-3.79	4.42364e-39
-1	-3.68	3.99234e-38
-1	-3.57	3.60309e-37
-1	-3.46	3.2518e-36
-1	-3.35	2.93475e-35
-1	-3.24	2.64862e-34
-1	-3.13	2.39038e-33
-1	-3.02	2.15732e-32
-1	-2.91	1.94699e-31
-1	-2.8	1.75716e-30
-1	-2.69	1.58584e-29
-1	-2.58	1.43122e-28
-1	-2.47	1.29168e-27
-1	-2.36	1.16574e-26
-1	-2.25	1.05208e-25
-1	-2.14	9.49506e-25
-1	-2.03	8.56931e-24
-1	-1.92	7.73381e-23
-1	-1.81	6.97978e-22
-1	-1.7	6.29926e-21
-1	-1.59	5.68509e-20
-1	-1.48	5.1308e-19
-1	-1.37	4.63055e-18
-1	-1.26	4.17908e-17
-1	-1.15	3.77163e-16
-1	-1.04	3.4039e-15
-1	-0.93	3.07202e-14
-1	-0.82	2.7725e-13
-1	-0.71	2.50219e-12
-1	-0.6	2.25823e-11
-1	-0.49	2.03805e-10
-1	-0.38	1.83935e-09
-1	-0.27	1.66039e-08
-1	-0.16	1.53322e-07
-1	-0.05	7.80929e-07
-1	0.06	4.01352e-05
-1	0.17	0.000584824
-1	0.28	0.000695866
-1	0.39	0.0463554
-1	0.5	0.0633959
-1	0.61	0.0463555
-1	0.72	0.000695827
-1	0.83	0.000584823
-1	0.94	4.01351e-05
-1	1.05	7.8093e-07
-1	1.16	1.53322e-07
-1	1.27	1.66039e-08
-1	1.38	1.83935e-09
-1	1.49	2.03805e-10
-1	1.6	2.25823e-11
-1	1.71	2.50219e-12
-1	1.82	2.7725e-13
-1	1.93	3.07202e-14
-1	2.04	3.4039e-15
-1	2.15	3.77163e-16
-1	2.26	4.17908e-17
-1	2.37	4.63055e-18
-1	2.48	5.1308e-19
-1	2.59	5.68509e-20
-1	2.7	6.29926e-21
-1	2.81	6.97978e-22
-1	2.92	7.73381e-23
-1	3.03	8.56931e-24
-1	3.14	9.49506e-25
-1	3.25	1.05208e-25
-1	3.36	1.16574e-26
-1	3.47	1.29168e-27
-1	3.58	1.43122e-28
-1	3.69	1.58584e-29
-1	3.8	1.75716e-30
-1	3.91	1.94699e-31
-1	4.02	2.15732e-32
-1	4.13	2.39038e-33
-1	4.24	2.64862e-34
-1	4.35	2.93475e-35
-1	4.46	3.2518e-36
-1	4.57	3.60309e-37
-1	4.68	3.99234e-38
-1	4.79	4.42364e-39
-1	4.9	4.90153e-40
-1	5.01	5.43106e-41
-1	5.12	6.01778e-42
-1	5.23	6.66789e-43
-1	5.34	7.38823e-44
-1	5.45	8.1864e-45
-1	5.56	9.07076e-46
-1	5.67	1.0051e-46
-1	5.78	1.10578e-47
-1	5.89	1.51487e-48

-2	-5	5.91119e-49
-2	-4.89	-4.47237e-48
-2	-4.78	-4.3063e-47
-2	-4.67	-3.88039e-46
-2	-4.56	-3.50197e-45
-2	-4.45	-3.1607e-44
-2	-4.34	-2.85238e-43
-2	-4.23	-2.57424e-42
-2	-4.12	-2.3234e-41
-2	-4.01	-2.09683e-40
-2	-3.9	-1.8924e-39
-2	-3.79	-1.70779e-38
-2	-3.68	-1.54134e-37
-2	-3.57	-1.39111e-36
-2	-3.46	-1.25541e-35
-2	-3.35	-1.13299e-34
-2	-3.24	-1.02263e-33
-2	-3.13	-9.22919e-33
-2	-3.02	-8.32851e-32
-2	-2.91	-7.51661e-31
-2	-2.8	-6.78413e-30
-2	-2.69	-6.12271e-29
-2	-2.58	-5.5255e-28
-2	-2.47	-4.98681e-27
-2	-2.36	-4.50082e-26
-2	-2.25	-4.06171e-25
-2	-2.14	-3.66599e-24
-2	-2.03	-3.30831e-23
-2	-1.92	-2.98573e-22
-2	-1.81	-2.69472e-21
-2	-1.7	-2.43213e-20
-2	-1.59	-2.19484e-19
-2	-1.48	-1.98077e-18
-2	-1.37	-1.78779e-17
-2	-1.26	-1.61352e-16
-2	-1.15	-1.45592e-15
-2	-1.04	-1.24967e-14
-2	-0.93	-6.41449e-13
-2	-0.82	-2.48649e-10
-2	-0.71	-1.53911e-08
-2	-0.6	-3.03523e-07
-2	-0.49	2.72546e-06
-2	-0.38	-1.40766e-05
-2	-0.27	-6.48129e-05
-2	-0.16	-0.000268744
-2	-0.05	-0.000870687
-2	0.06	0.00328549
-2	0.17	-0.0104454
-2	0.28	0.0179833
-2	0.39	0.0460147
-2	0.5	0.0474227
-2	0.61	0.0460154
-2	0.72	0.017983
-2	0.83	-0.0104454
-2	0.94	0.00328547
-2	1.05	-0.000870678
-2	1.16	-0.000268743
-2	1.27	-6.48126e-05
-2	1.38	-1.40765e-05
-2	1.49	2.72545e-06
-2	1.6	-3.03521e-07
-2	1.71	-1.5391e-08
-2	1.82	-2.48648e-10
-2	1.93	-6.41438e-13
-2	2.04	-1.24978e-14
-2	2.15	-1.45601e-15
-2	2.26	-1.61335e-16
-2	2.37	-1.78773e-17
-2	2.48	-1.98098e-18
-2	2.59	-2.19486e-19
-2	2.7	-2.43186e-20
-2	2.81	-2.69479e-21
-2	2.92	-2.98596e-22
-2	3.03	-3.30828e-23
-2	3.14	-3.66567e-24
-2	3.25	-4.0618e-25
-2	3.36	-4.50068e-26
-2	3.47	-4.9868e-27
-2	3.58	-5.52554e-28
-2	3.69	-6.12287e-29
-2	3.8	-6.78428e-30
-2	3.91	-7.51638e-31
-2	4.02	-8.32829e-32
-2	4.13	-9.22898e-33
-2	4.24	-1.0226e-33
-2	4.35	-1.13296e-34
-2	4.46	-1.25541e-35
-2	4.57	-1.39112e-36
-2	4.68	-1.54124e-37
-2	4.79	-1.70782e-38
-2	4.9	-1.89245e-39
-2	5.01	-2.09688e-40
-2	5.12	-2.3235e-41
-2	5.23	-2.57421e-42
-2	5.34	-2.85262e-43
-2	5.45	-3.16071e-44
-2	5.56	-3.50198e-45
-2	5.67	-3.88093e-46
-2	5.78	-4.3033e-47
-2	5.89	-4.1455e-48

-3	-5	5.91119e-49
-3	-4.89	1.59968e-47
-3	-4.78	-3.81133e-46
-3	-4.67	3.84318e-46
-3	-4.56	3.52921e-44
-3	-4.45	-3.31975e-43
-3	-4.34	-2.04351e-42
-3	-4.23	1.91586e-41
-3	-4.12	2.27915e-40
-3	-4.01	-1.51429e-39
-3	-3.9	-9.90994e-39
-3	-3.79	6.94487e-38
-3	-3.68	4.77186e-38
-3	-3.57	-1.13291e-35
-3	-3.46	6.83098e-35
-3	-3.35	8.47263e-34
-3	-3.24	-1.39142e-33
-3	-3.13	-1.29654e-31
-3	-3.02	-5.45444e-32
-3	-2.91	5.59474e-30
-3	-2.8	-2.62961e-29
-3	-2.69	4.13181e-28
-3	-2.58	-4.33802e-27
-3	-2.47	-2.88542e-26
-3	-2.36	2.38029e-25
-3	-2.25	8.76408e-25
-3	-2.14	-3.02587e-23
-3	-2.03	-4.04065e-23
-3	-1.92	2.49265e-21
-3	-1.81	-2.46954e-19
-3	-1.7	-1.34286e-16
-3	-1.59	1.72464e-13
-3	-1.48	3.15945e-14
-3	-1.37	-1.7148e-09
-3	-1.26	-3.28776e-08
-3	-1.15	-1.80243e-07
-3	-1.04	1.01777e-06
-3	-0.93	-3.67863e-06
-3	-0.82	1.14323e-05
-3	-0.71	2.32771e-05
-3	-0.6	1.20617e-05
-3	-0.49	7.58999e-05
-3	-0.38	0.000538119
-3	-0.27	0.000377317
-3	-0.16	-0.00253944
-3	-0.05	0.00559993
-3	0.06	-0.00894433
-3	0.17	-0.00473978
-3	0.28	0.0297266
-3	0.39	0.0404298
-3	0.5	0.0386512
-3	0.61	0.0404313
-3	0.72	0.0297264
-3	0.83	-0.00474025
-3	0.94	-0.00894413
-3	1.05	0.00559986
-3	1.16	-0.0025394
-3	1.27	0.000377307
-3	1.38	0.000538115
-3	1.49	7.59001e-05
-3	1.6	1.20619e-05
-3	1.71	2.3277e-05
-3	1.82	1.14323e-05
-3	1.93	-3.67862e-06
-3	2.04	1.01777e-06
-3	2.15	-1.80242e-07
-3	2.26	-3.28775e-08
-3	2.37	-1.71479e-09
-3	2.48	3.15899e-14
-3	2.59	1.72462e-13
-3	2.7	-1.33877e-16
-3	2.81	-2.44021e-19
-3	2.92	-2.42439e-21
-3	3.03	7.19309e-23
-3	3.14	2.06702e-23
-3	3.25	-2.13106e-24
-3	3.36	-2.91487e-25
-3	3.47	3.30059e-26
-3	3.58	1.59073e-27
-3	3.69	-5.662e-28
-3	3.8	-1.75075e-29
-3	3.91	7.99158e-30
-3	4.02	3.18784e-31
-3	4.13	-1.33881e-31
-3	4.24	-2.26783e-33
-3	4.35	4.57939e-34
-3	4.46	-5.74509e-35
-3	4.57	-1.59232e-36
-3	4.68	1.56969e-36
-3	4.79	-4.86761e-39
-3	4.9	-2.53961e-38
-3	5.01	-1.17205e-39
-3	5.12	5.63861e-41
-3	5.23	1.42022e-41
-3	5.34	-3.02505e-42
-3	5.45	1.29148e-43
-3	5.56	1.84568e-44
-3	5.67	3.03984e-45
-3	5.78	-4.37945e-46
-3	5.89	3.57677e-47

-4	-5	5.91119e-49
-4	-4.89	3.33417e-42
-4	-4.78	-3.68951e-41
-4	-4.67	-2.72031e-41
-4	-4.56	5.85984e-39
-4	-4.45	-2.95619e-38
-4	-4.34	-5.70014e-37
-4	-4.23	2.36759e-36
-4	-4.12	3.1529e-35
-4	-4.01	-7.29715e-35
-4	-3.9	-2.12551e-33
-4	-3.79	3.22699e-33
-4	-3.68	1.33368e-31
-4	-3.57	-1.81303e-30
-4	-3.46	1.57288e-29
-4	-3.35	-1.67431e-28
-4	-3.24	2.6594e-28
-4	-3.13	8.51279e-27
-4	-3.02	7.07966e-26
-4	-2.91	-1.29195e-24
-4	-2.8	-2.69637e-24
-4	-2.69	1.10336e-22
-4	-2.58	-1.57404e-22
-4	-2.47	1.93637e-19
-4	-2.36	-6.9339e-17
-4	-2.25	-1.45497e-14
-4	-2.14	5.03248e-12
-4	-2.03	-1.95811e-11
-4	-1.92	-5.6759e-09
-4	-1.81	-4.55618e-08
-4	-1.7	-1.39258e-07
-4	-1.59	5.52049e-07
-4	-1.48	-9.37025e-07
-4	-1.37	3.43327e-06
-4	-1.26	-1.06561e-05
-4	-1.15	-7.8436e-06
-4	-1.04	2.70541e-05
-4	-0.93	7.85917e-05
-4	-0.82	0.000112515
-4	-0.71	-9.26663e-05
-4	-0.6	-0.000737184
-4	-0.49	0.000361538
-4	-0.38	0.00118214
-4	-0.27	-0.0030099
-4	-0.16	0.0041394
-4	-0.05	0.000197509
-4	0.06	-0.0160295
-4	0.17	0.00843662
-4	0.28	0.0326879
-4	0.39	0.0354876
-4	0.5	0.0331469
-4	0.61	0.03549
-4	0.72	0.0326883
-4	0.83	0.00843567
-4	0.94	-0.0160295
-4	1.05	0.000197713
-4	1.16	0.00413927
-4	1.27	-0.00300984
-4	1.38	0.00118211
-4	1.49	0.000361542
-4	1.6	-0.000737177
-4	1.71	-9.26671e-05
-4	1.82	0.000112513
-4	1.93	7.8591e-05
-4	2.04	2.70538e-05
-4	2.15	-7.8436e-06
-4	2.26	-1.0656e-05
-4	2.37	3.43325e-06
-4	2.48	-9.37022e-07
-4	2.59	5.52047e-07
-4	2.7	-1.39257e-07
-4	2.81	-4.55616e-08
-4	2.92	-5.67588e-09
-4	3.03	-1.95809e-11
-4	3.14	5.03246e-12
-4	3.25	-1.4551e-14
-4	3.36	-6.93616e-17
-4	3.47	2.11636e-19
-4	3.58	-4.52185e-22
-4	3.69	-9.79795e-23
-4	3.8	7.02679e-24
-4	3.91	1.04458e-24
-4	4.02	-1.23795e-25
-4	4.13	-8.19841e-27
-4	4.24	1.68236e-27
-4	4.35	5.50927e-29
-4	4.46	-5.63124e-30
-4	4.57	-2.26883e-31
-4	4.68	1.03801e-31
-4	4.79	3.69455e-34
-4	4.9	-3.26195e-33
-4	5.01	-1.56936e-34
-4	5.12	4.82762e-35
-4	5.23	3.46895e-36
-4	5.34	-4.20986e-37
-4	5.45	-1.71997e-38
-4	5.56	7.24874e-39
-4	5.67	-1.8975e-40
-4	5.78	-6.96619e-41
-4	5.89	1.21487e-41

-5	-5	5.91119e-49
-5	-4.89	7.311e-37
-5	-4.78	-1.10973e-35
-5	-4.67	2.51534e-35
-5	-4.56	7.49104e-34
-5	-4.45	4.54398e-33
-5	-4.34	-1.00405e-31
-5	-4.23	-2.74095e-31
-5	-4.12	6.93068e-30
-5	-4.01	-4.46077e-29
-5	-3.9	5.92483e-28
-5	-3.79	-2.31815e-27
-5	-3.68	-3.16904e-26
-5	-3.57	1.39762e-25
-5	-3.46	2.25e-24
-5	-3.35	-1.87489e-23
-5	-3.24	-1.52235e-22
-5	-3.13	-4.08338e-20
-5	-3.02	3.31566e-17
-5	-2.91	-6.43431e-15
-5	-2.8	-2.9929e-14
-5	-2.69	5.00526e-11
-5	-2.58	-5.64041e-10
-5	-2.47	-1.21398e-08
-5	-2.36	-5.40147e-08
-5	-2.25	-1.25275e-07
-5	-2.14	3.43985e-07
-5	-2.03	-1.02635e-07
-5	-1.92	-2.94882e-08
-5	-1.81	-2.27453e-06
-5	-1.7	9.76387e-06
-5	-1.59	-8.26332e-07
-5	-1.48	-3.07506e-05
-5	-1.37	-6.08968e-05
-5	-1.26	-0.000103884
-5	-1.15	-0.000184352
-5	-1.04	-0.000216567
-5	-0.93	0.00019943
-5	-0.82	0.000765435
-5	-0.71	-0.000984052
-5	-0.6	0.00015059
-5	-0.49	0.00094003
-5	-0.38	-0.00131912
-5	-0.27	-0.00102603
-5	-0.16	0.00866573
-5	-0.05	-0.0132129
-5	0.06	-0.0101949
-5	0.17	0.0173672
-5	0.28	0.0322201
-5	0.39	0.031625
-5	0.5	0.0293523
-5	0.61	0.0316282
-5	0.72	0.0322213
-5	0.83	0.0173662
-5	0.94	-0.0101956
-5	1.05	-0.0132125
-5	1.16	0.00866574
-5	1.27	-0.00102612
-5	1.38	-0.00131904
-5	1.49	0.000939991
-5	1.6	0.000150604
-5	1.71	-0.000984048
-5	1.82	0.000765427
-5	1.93	0.00019943
-5	2.04	-0.000216564
-5	2.15	-0.000184351
-5	2.26	-0.000103884
-5	2.37	-6.08964e-05
-5	2.48	-3.07504e-05
-5	2.59	-8.26293e-07
-5	2.7	9.76381e-06
-5	2.81	-2.27452e-06
-5	2.92	-2.94851e-08
-5	3.03	-1.02636e-07
-5	3.14	3.43983e-07
-5	3.25	-1.25274e-07
-5	3.36	-5.40145e-08
-5	3.47	-1.21397e-08
-5	3.58	-5.64038e-10
-5	3.69	5.00523e-11
-5	3.8	-2.99293e-14
-5	3.91	-6.43393e-15
-5	4.02	3.314e-17
-5	4.13	-4.44605e-20
-5	4.24	1.63541e-22
-5	4.35	1.24514e-23
-5	4.46	-2.4393e-24
-5	4.57	-1.08297e-25
-5	4.68	3.85941e-26
-5	4.79	-1.06802e-28
-5	4.9	-4.7388e-28
-5	5.01	1.01249e-29
-5	5.12	7.43706e-30
-5	5.23	-1.22927e-32
-5	5.34	-1.18757e-31
-5	5.45	4.35859e-33
-5	5.56	4.52972e-34
-5	5.67	-7.90451e-35
-5	5.78	1.67156e-36
-5	5.89	1.71232e-36

-6	-5	5.91119e-49
-6	-4.89	1.99424e-31
-6	-4.78	-1.91011e-30
-6	-4.67	1.80246e-29
-6	-4.56	-1.33564e-28
-6	-4.45	-2.37247e-28
-6	-4.34	3.90558e-27
-6	-4.23	1.19656e-25
-6	-4.12	-9.72798e-25
-6	-4.01	-7.42804e-24
-6	-3.9	1.50333e-22
-6	-3.79	-1.82168e-20
-6	-3.68	1.71591e-19
-6	-3.57	1.16493e-15
-6	-3.46	-1.89125e-13
-6	-3.35	6.00882e-12
-6	-3.24	1.70345e-10
-6	-3.13	-2.96521e-09
-6	-3.02	-1.79805e-08
-6	-2.91	-5.8618e-08
-6	-2.8	-1.21227e-07
-6	-2.69	2.23465e-07
-6	-2.58	1.95749e-07
-6	-2.47	-8.92251e-07
-6	-2.36	1.36526e-06
-6	-2.25	5.59824e-07
-6	-2.14	-8.27192e-06
-6	-2.03	6.2641e-06
-6	-1.92	2.5488e-05
-6	-1.81	2.78182e-05
-6	-1.7	2.15065e-05
-6	-1.59	3.18747e-05
-6	-1.48	0.000101573
-6	-1.37	0.000253768
-6	-1.26	0.0002621
-6	-1.15	-0.000377878
-6	-1.04	-0.000579691
-6	-0.93	0.00128768
-6	-0.82	-0.0011518
-6	-0.71	0.000664916
-6	-0.6	-0.000641421
-6	-0.49	0.00217372
-6	-0.38	-0.00627736
-6	-0.27	0.0100374
-6	-0.16	-0.00157333
-6	-0.05	-0.0176781
-6	0.06	-0.00140164
-6	0.17	0.0221125
-6	0.28	0.0306529
-6	0.39	0.0286177
-6	0.5	0.0265602
-6	0.61	0.0286216
-6	0.72	0.030655
-6	0.83	0.0221118
-6	0.94	-0.00140296
-6	1.05	-0.017678
-6	1.16	-0.0015729
-6	1.27	0.0100372
-6	1.38	-0.00627734
-6	1.49	0.00217376
-6	1.6	-0.000641452
-6	1.71	0.00066493
-6	1.82	-0.0011518
-6	1.93	0.00128767
-6	2.04	-0.000579682
-6	2.15	-0.000377876
-6	2.26	0.000262096
-6	2.37	0.000253766
-6	2.48	0.000101572
-6	2.59	3.18747e-05
-6	2.7	2.15065e-05
-6	2.81	2.7818e-05
-6	2.92	2.54878e-05
-6	3.03	6.26404e-06
-6	3.14	-8.27187e-06
-6	3.25	5.59828e-07
-6	3.36	1.36525e-06
-6	3.47	-8.92245e-07
-6	3.58	1.95747e-07
-6	3.69	2.23464e-07
-6	3.8	-1.21226e-07
-6	3.91	-5.86177e-08
-6	4.02	-1.79804e-08
-6	4.13	-2.9652e-09
-6	4.24	1.70344e-10
-6	4.35	6.00879e-12
-6	4.46	-1.89126e-13
-6	4.57	1.16497e-15
-6	4.68	1.88058e-19
-6	4.79	-1.92973e-20
-6	4.9	-1.41332e-23
-6	5.01	1.04342e-23
-6	5.12	5.90908e-25
-6	5.23	-1.56359e-25
-6	5.34	-1.44882e-27
-6	5.45	1.81342e-27
-6	5.56	-3.7878e-29
-6	5.67	-8.29192e-30
-6	5.78	2.48288e-31
-6	5.89	1.25735e-31

-7	-5	5.91119e-49
-7	-4.89	-2.99889e-26
-7	-4.78	-1.3809e-26
-7	-4.67	2.58765e-24
-7	-4.56	-1.87698e-23
-7	-4.45	7.9207e-21
-7	-4.34	-2.35219e-18
-7	-4.23	2.75123e-16
-7	-4.12	-1.41578e-15
-7	-4.01	-1.65939e-12
-7	-3.9	6.93292e-11
-7	-3.79	-1.07027e-10
-7	-3.68	-7.04851e-09
-7	-3.57	-2.05774e-08
-7	-3.46	-5.96424e-08
-7	-3.35	-1.20622e-07
-7	-3.24	1.41877e-07
-7	-3.13	3.06019e-07
-7	-3.02	-9.40639e-07
-7	-2.91	1.72829e-06
-7	-2.8	-2.54818e-06
-7	-2.69	1.33051e-06
-7	-2.58	6.14987e-06
-7	-2.47	-9.43612e-06
-7	-2.36	-1.76226e-05
-7	-2.25	-3.22772e-06
-7	-2.14	2.26993e-05
-7	-2.03	4.94681e-05
-7	-1.92	6.90347e-05
-7	-1.81	5.16937e-05
-7	-1.7	-7.55178e-05
-7	-1.59	-0.000315213
-7	-1.48	-0.000236251
-7	-1.37	0.000566282
-7	-1.26	0.000214271
-7	-1.15	-0.00120563
-7	-1.04	0.00165344
-7	-0.93	-0.00170095
-7	-0.82	0.00192694
-7	-0.71	-0.00300617
-7	-0.6	0.0053429
-7	-0.49	-0.00749369
-7	-0.38	0.00385616
-7	-0.27	0.00923593
-7	-0.16	-0.0121277
-7	-0.05	-0.0150007
-7	0.06	0.00608076
-7	0.17	0.0242643
-7	0.28	0.0288393
-7	0.39	0.0262338
-7	0.5	0.0244069
-7	0.61	0.0262385
-7	0.72	0.0288423
-7	0.83	0.0242641
-7	0.94	0.00607907
-7	1.05	-0.0150013
-7	1.16	-0.012127
-7	1.27	0.00923603
-7	1.38	0.00385588
-7	1.49	-0.00749353
-7	1.6	0.00534285
-7	1.71	-0.00300617
-7	1.82	0.00192694
-7	1.93	-0.00170094
-7	2.04	0.00165343
-7	2.15	-0.00120561
-7	2.26	0.000214265
-7	2.37	0.000566278
-7	2.48	-0.000236248
-7	2.59	-0.00031521
-7	2.7	-7.55179e-05
-7	2.81	5.16929e-05
-7	2.92	6.9034e-05
-7	3.03	4.94676e-05
-7	3.14	2.26991e-05
-7	3.25	-3.22776e-06
-7	3.36	-1.76225e-05
-7	3.47	-9.43605e-06
-7	3.58	6.14984e-06
-7	3.69	1.33049e-06
-7	3.8	-2.54817e-06
-7	3.91	1.72828e-06
-7	4.02	-9.40633e-07
-7	4.13	3.06017e-07
-7	4.24	1.41877e-07
-7	4.35	-1.20621e-07
-7	4.46	-5.96421e-08
-7	4.57	-2.05773e-08
-7	4.68	-7.04848e-09
-7	4.79	-1.07026e-10
-7	4.9	6.93289e-11
-7	5.01	-1.65938e-12
-7	5.12	-1.41551e-15
-7	5.23	2.75093e-16
-7	5.34	-2.35396e-18
-7	5.45	8.32292e-21
-7	5.56	-1.20676e-23
-7	5.67	-2.32305e-24
-7	5.78	4.1009e-26
-7	5.89	3.29576e-26

-8	-5	5.91119e-49
-8	-4.89	-6.69345e-17
-8	-4.78	8.60392e-15
-8	-4.67	-4.01755e-13
-8	-4.56	1.20049e-12
-8	-4.45	2.4908e-10
-8	-4.34	-1.9652e-09
-8	-4.23	-9.69835e-09
-8	-4.12	-1.94744e-08
-8	-4.01	-5.74564e-08
-8	-3.9	-1.2056e-07
-8	-3.79	8.10982e-08
-8	-3.68	3.38247e-07
-8	-3.57	-7.65329e-07
-8	-3.46	1.18817e-06
-8	-3.35	-1.96253e-06
-8	-3.24	3.22042e-06
-8	-3.13	-3.03925e-06
-8	-3.02	-3.57444e-06
-8	-2.91	1.07187e-05
-8	-2.8	9.44461e-06
-8	-2.69	-1.1198e-05
-8	-2.58	-3.39176e-05
-8	-2.47	-5.16519e-05
-8	-2.36	-7.11346e-05
-8	-2.25	-0.000102667
-8	-2.14	-0.000141255
-8	-2.03	-0.000126245
-8	-1.92	6.8203e-05
-8	-1.81	0.000376201
-8	-1.7	0.000132311
-8	-1.59	-0.000691005
-8	-1.48	0.000234538
-8	-1.37	0.000789497
-8	-1.26	-0.00162156
-8	-1.15	0.00210397
-8	-1.04	-0.00254544
-8	-0.93	0.00335895
-8	-0.82	-0.00469923
-8	-0.71	0.00569669
-8	-0.6	-0.00347651
-8	-0.49	-0.00472041
-8	-0.38	0.0117594
-8	-0.27	0.000512529
-8	-0.16	-0.0171841
-8	-0.05	-0.00951815
-8	0.06	0.0114881
-8	0.17	0.0249675
-8	0.28	0.0270797
-8	0.39	0.0243038
-8	0.5	0.0226869
-8	0.61	0.0243091
-8	0.72	0.0270836
-8	0.83	0.024968
-8	0.94	0.0114864
-8	1.05	-0.00951941
-8	1.16	-0.0171837
-8	1.27	0.000513092
-8	1.38	0.0117591
-8	1.49	-0.00472052
-8	1.6	-0.00347632
-8	1.71	0.00569657
-8	1.82	-0.00469916
-8	1.93	0.00335892
-8	2.04	-0.00254541
-8	2.15	0.00210395
-8	2.26	-0.00162153
-8	2.37	0.000789482
-8	2.48	0.00023454
-8	2.59	-0.000690999
-8	2.7	0.000132308
-8	2.81	0.000376198
-8	2.92	6.82033e-05
-8	3.03	-0.000126243
-8	3.14	-0.000141254
-8	3.25	-0.000102666
-8	3.36	-7.11342e-05
-8	3.47	-5.16516e-05
-8	3.58	-3.39174e-05
-8	3.69	-1.11979e-05
-8	3.8	9.44458e-06
-8	3.91	1.07187e-05
-8	4.02	-3.57443e-06
-8	4.13	-3.03923e-06
-8	4.24	3.22041e-06
-8	4.35	-1.96252e-06
-8	4.46	1.18816e-06
-8	4.57	-7.65325e-07
-8	4.68	3.38245e-07
-8	4.79	8.1098e-08
-8	4.9	-1.20559e-07
-8	5.01	-5.74561e-08
-8	5.12	-1.94743e-08
-8	5.23	-9.69831e-09
-8	5.34	-1.96519e-09
-8	5.45	2.49079e-10
-8	5.56	1.20048e-12
-8	5.67	-4.01755e-13
-8	5.78	8.60399e-15
-8	5.89	-6.69236e-17

-9	-5	5.91119e-49
-9	-4.89	-5.01238e-09
-9	-4.78	-8.78441e-09
-9	-4.67	-1.50367e-08
-9	-4.56	-5.24323e-08
-9	-4.45	-1.19592e-07
-9	-4.34	3.31937e-08
-9	-4.23	3.33841e-07
-9	-4.12	-5.51561e-07
-9	-4.01	5.85847e-07
-9	-3.9	-7.42246e-07
-9	-3.79	1.50542e-06
-9	-3.68	-3.21757e-06
-9	-3.57	4.27482e-06
-9	-3.46	8.28879e-07
-9	-3.35	-1.03815e-05
-9	-3.24	-2.09536e-06
-9	-3.13	1.74156e-05
-9	-3.02	2.77434e-05
-9	-2.91	2.5087e-05
-9	-2.8	1.79342e-05
-9	-2.69	1.79086e-05
-9	-2.58	3.94753e-05
-9	-2.47	9.82804e-05
-9	-2.36	0.000181641
-9	-2.25	0.0001776
-9	-2.14	-9.44718e-05
-9	-2.03	-0.000423408
-9	-1.92	4.08921e-05
-9	-1.81	0.000691932
-9	-1.7	-0.00064164
-9	-1.59	-0.000178153
-9	-1.48	0.00114613
-9	-1.37	-0.00191025
-9	-1.26	0.00252339
-9	-1.15	-0.00318929
-9	-1.04	0.00394355
-9	-0.93	-0.00422042
-9	-0.82	0.0024446
-9	-0.71	0.00298796
-9	-0.6	-0.00917704
-9	-0.49	0.00532956
-9	-0.38	0.0107584
-9	-0.27	-0.00845447
-9	-0.16	-0.0174328
-9	-0.05	-0.0037238
-9	0.06	0.0151175
-9	0.17	0.0248916
-9	0.28	0.0254697
-9	0.39	0.02271
-9	0.5	0.021275
-9	0.61	0.0227159
-9	0.72	0.0254744
-9	0.83	0.0248928
-9	0.94	0.0151159
-9	1.05	-0.00372566
-9	1.16	-0.0174329
-9	1.27	-0.00845362
-9	1.38	0.0107585
-9	1.49	0.00532914
-9	1.6	-0.00917688
-9	1.71	0.00298804
-9	1.82	0.00244447
-9	1.93	-0.00422031
-9	2.04	0.00394348
-9	2.15	-0.00318925
-9	2.26	0.00252335
-9	2.37	-0.00191023
-9	2.48	0.00114611
-9	2.59	-0.000178144
-9	2.7	-0.000641637
-9	2.81	0.000691924
-9	2.92	4.0894e-05
-9	3.03	-0.000423404
-9	3.14	-9.4472e-05
-9	3.25	0.000177598
-9	3.36	0.00018164
-9	3.47	9.82798e-05
-9	3.58	3.94752e-05
-9	3.69	1.79086e-05
-9	3.8	1.79342e-05
-9	3.91	2.50869e-05
-9	4.02	2.77433e-05
-9	4.13	1.74154e-05
-9	4.24	-2.09537e-06
-9	4.35	-1.03814e-05
-9	4.46	8.28884e-07
-9	4.57	4.27479e-06
-9	4.68	-3.21755e-06
-9	4.79	1.50541e-06
-9	4.9	-7.42243e-07
-9	5.01	5.85845e-07
-9	5.12	-5.51559e-07
-9	5.23	3.3384e-07
-9	5.34	3.31937e-08
-9	5.45	-1.19591e-07
-9	5.56	-5.24321e-08
-9	5.67	-1.5037e-08
-9	5.78	-8.7735e-09
-9	5.89	-5.07714e-09

-10	-5	5.91119e-49
-10	-4.89	3.93533e-08
-10	-4.78	3.18777e-07
-10	-4.67	-3.51356e-07
-10	-4.56	1.38118e-07
-10	-4.45	1.37853e-07
-10	-4.34	-1.70188e-07
-10	-4.23	-5.23597e-07
-10	-4.12	2.55182e-06
-10	-4.01	-4.84449e-06
-10	-3.9	1.76432e-06
-10	-3.79	8.73086e-06
-10	-3.68	-3.75702e-06
-10	-3.57	-1.77408e-05
-10	-3.46	-1.51337e-05
-10	-3.35	1.36052e-06
-10	-3.24	2.17935e-05
-10	-3.13	4.05172e-05
-10	-3.02	5.50211e-05
-10	-2.91	5.77498e-05
-10	-2.8	2.66405e-05
-10	-2.69	-6.93307e-05
-10	-2.58	-0.000208342
-10	-2.47	-0.000205404
-10	-2.36	0.000155261
-10	-2.25	0.000433953
-10	-2.14	-0.000253418
-10	-2.03	-0.00054274
-10	-1.92	0.000891924
-10	-1.81	-0.000447731
-10	-1.7	-0.000408931
-10	-1.59	0.00126172
-10	-1.48	-0.00196543
-10	-1.37	0.00254595
-10	-1.26	-0.00296143
-10	-1.15	0.00283078
-10	-1.04	-0.00126571
-10	-0.93	-0.00256896
-10	-0.82	0.00720169
-10	-0.71	-0.00650684
-10	-0.6	-0.00433015
-10	-0.49	0.0119957
-10	-0.38	0.0042878
-10	-0.27	-0.0143649
-10	-0.16	-0.0148914
-10	-0.05	0.0013737
-10	0.06	0.0174353
-10	0.17	0.0244099
-10	0.28	0.0240285
-10	0.39	0.0213707
-10	0.5	0.0200907
-10	0.61	0.0213771
-10	0.72	0.0240341
-10	0.83	0.024412
-10	0.94	0.0174341
-10	1.05	0.00137143
-10	1.16	-0.0148921
-10	1.27	-0.0143641
-10	1.38	0.00428837
-10	1.49	0.0119954
-10	1.6	-0.00433036
-10	1.71	-0.00650654
-10	1.82	0.00720159
-10	1.93	-0.00256901
-10	2.04	-0.00126562
-10	2.15	0.00283069
-10	2.26	-0.00296137
-10	2.37	0.0025459
-10	2.48	-0.00196539
-10	2.59	0.00126169
-10	2.7	-0.000408917
-10	2.81	-0.000447732
-10	2.92	0.000891916
-10	3.03	-0.000542732
-10	3.14	-0.000253418
-10	3.25	0.000433949
-10	3.36	0.000155261
-10	3.47	-0.000205401
-10	3.58	-0.000208341
-10	3.69	-6.93306e-05
-10	3.8	2.664e-05
-10	3.91	5.77491e-05
-10	4.02	5.50206e-05
-10	4.13	4.05168e-05
-10	4.24	2.17933e-05
-10	4.35	1.36045e-06
-10	4.46	-1.51336e-05
-10	4.57	-1.77406e-05
-10	4.68	-3.75698e-06
-10	4.79	8.73081e-06
-10	4.9	1.7643e-06
-10	5.01	-4.84446e-06
-10	5.12	2.55181e-06
-10	5.23	-5.23564e-07
-10	5.34	-1.70626e-07
-10	5.45	1.37044e-07
-10	5.56	1.42624e-07
-10	5.67	-3.3211e-07
-10	5.78	3.57592e-07
-10	5.89	5.64241e-08

-11	-5	5.91119e-49
-11	-4.89	-7.91597e-07
-11	-4.78	1.346e-06
-11	-4.67	-9.61946e-07
-11	-4.56	-1.33685e-06
-11	-4.45	4.78592e-06
-11	-4.34	-3.86376e-06
-11	-4.23	-6.14374e-06
-11	-4.12	7.74256e-06
-11	-4.01	1.42782e-05
-11	-3.9	2.39678e-06
-11	-3.79	-1.74546e-05
-11	-3.68	-3.39745e-05
-11	-3.57	-4.52577e-05
-11	-3.46	-5.60523e-05
-11	-3.35	-7.25396e-05
-11	-3.24	-9.67698e-05
-11	-3.13	-0.000116053
-11	-3.02	-8.84225e-05
-11	-2.91	4.26231e-05
-11	-2.8	0.000235295
-11	-2.69	0.000207598
-11	-2.58	-0.000242191
-11	-2.47	-0.000386143
-11	-2.36	0.000457611
-11	-2.25	0.000261124
-11	-2.14	-0.000913977
-11	-2.03	0.000916468
-11	-1.92	-0.00036654
-11	-1.81	-0.000376827
-11	-1.7	0.00105697
-11	-1.59	-0.00156193
-11	-1.48	0.00178695
-11	-1.37	-0.00146343
-11	-1.26	9.18702e-05
-11	-1.15	0.00270342
-11	-1.04	-0.00597707
-11	-0.93	0.0061129
-11	-0.82	0.000834459
-11	-0.71	-0.0098261
-11	-0.6	0.00452326
-11	-0.49	0.0123774
-11	-0.38	-0.00329376
-11	-0.27	-0.0169447
-11	-0.16	-0.011144
-11	-0.05	0.00550909
-11	0.06	0.018838
-11	0.17	0.0237287
-11	0.28	0.0227479
-11	0.39	0.020228
-11	0.5	0.01908
-11	0.61	0.020235
-11	0.72	0.0227541
-11	0.83	0.0237315
-11	0.94	0.0188372
-11	1.05	0.00550663
-11	1.16	-0.0111455
-11	1.27	-0.0169442
-11	1.38	-0.0032928
-11	1.49	0.0123774
-11	1.6	0.00452274
-11	1.71	-0.00982594
-11	1.82	0.000834655
-11	1.93	0.00611269
-11	2.04	-0.00597699
-11	2.15	0.00270344
-11	2.26	9.18116e-05
-11	2.37	-0.00146337
-11	2.48	0.0017869
-11	2.59	-0.00156189
-11	2.7	0.00105694
-11	2.81	-0.000376811
-11	2.92	-0.000366545
-11	3.03	0.000916461
-11	3.14	-0.000913966
-11	3.25	0.000261118
-11	3.36	0.000457608
-11	3.47	-0.000386138
-11	3.58	-0.00024219
-11	3.69	0.000207596
-11	3.8	0.000235294
-11	3.91	4.26234e-05
-11	4.02	-8.84214e-05
-11	4.13	-0.000116052
-11	4.24	-9.67691e-05
-11	4.35	-7.25391e-05
-11	4.46	-5.60519e-05
-11	4.57	-4.52574e-05
-11	4.68	-3.39743e-05
-11	4.79	-1.74554e-05
-11	4.9	2.39766e-06
-11	5.01	1.42879e-05
-11	5.12	7.76896e-06
-11	5.23	-6.09494e-06
-11	5.34	-3.83003e-06
-11	5.45	4.65046e-06
-11	5.56	-1.5867e-06
-11	5.67	-5.43367e-07
-11	5.78	1.38037e-06
-11	5.89	-1.59016e-06

-12	-5	5.91119e-49
-12	-4.89	-5.60461e-06
-12	-4.78	7.17835e-06
-12	-4.67	1.62688e-06
-12	-4.56	-8.722e-06
-12	-4.45	-9.50117e-06
-12	-4.34	7.63666e-06
-12	-4.23	2.24305e-05
-12	-4.12	2.62473e-05
-12	-4.01	2.14874e-05
-12	-3.9	1.38282e-05
-12	-3.79	1.00684e-05
-12	-3.68	1.72917e-05
-12	-3.57	4.36603e-05
-12	-3.46	9.3426e-05
-12	-3.35	0.000147171
-12	-3.24	0.00013502
-12	-3.13	-3.05874e-05
-12	-3.02	-0.000266965
-12	-2.91	-0.000179399
-12	-2.8	0.000338408
-12	-2.69	0.000268919
-12	-2.58	-0.000599246
-12	-2.47	9.40625e-05
-12	-2.36	0.00070002
-12	-2.25	-0.00110974
-12	-2.14	0.000971377
-12	-2.03	-0.000499004
-12	-1.92	-3.38999e-05
-12	-1.81	0.000432401
-12	-1.7	-0.000543218
-12	-1.59	0.00016252
-12	-1.48	0.000984756
-12	-1.37	-0.00301292
-12	-1.26	0.0052115
-12	-1.15	-0.00532121
-12	-1.04	0.000613692
-12	-0.93	0.00709629
-12	-0.82	-0.00751764
-12	-0.71	-0.00537706
-12	-0.6	0.0110474
-12	-0.49	0.0082898
-12	-0.38	-0.00955371
-12	-0.27	-0.017001
-12	-0.16	-0.00713642
-12	-0.05	0.00872211
-12	0.06	0.0196171
-12	0.17	0.0229619
-12	0.28	0.0216106
-12	0.39	0.0192403
-12	0.5	0.0182047
-12	0.61	0.0192477
-12	0.72	0.0216175
-12	0.83	0.0229655
-12	0.94	0.0196169
-12	1.05	0.00871964
-12	1.16	-0.00713854
-12	1.27	-0.017001
-12	1.38	-0.00955259
-12	1.49	0.00829024
-12	1.6	0.0110469
-12	1.71	-0.00537729
-12	1.82	-0.00751727
-12	1.93	0.00709624
-12	2.04	0.000613523
-12	2.15	-0.00532104
-12	2.26	0.00521142
-12	2.37	-0.00301291
-12	2.48	0.000984783
-12	2.59	0.000162483
-12	2.7	-0.000543185
-12	2.81	0.000432376
-12	2.92	-3.38849e-05
-12	3.03	-0.000499009
-12	3.14	0.000971371
-12	3.25	-0.00110972
-12	3.36	0.000700009
-12	3.47	9.40651e-05
-12	3.58	-0.000599241
-12	3.69	0.000268915
-12	3.8	0.000338405
-12	3.91	-0.000179396
-12	4.02	-0.000266963
-12	4.13	-3.05882e-05
-12	4.24	0.000135018
-12	4.35	0.000147174
-12	4.46	9.344e-05
-12	4.57	4.3692e-05
-12	4.68	1.73487e-05
-12	4.79	1.01182e-05
-12	4.9	1.37223e-05
-12	5.01	2.12298e-05
-12	5.12	2.65403e-05
-12	5.23	2.26723e-05
-12	5.34	6.71988e-06
-12	5.45	-8.03076e-06
-12	5.56	-1.07491e-05
-12	5.67	4.49645e-06
-12	5.78	3.1442e-06
-12	5.89	-1.13663e-06

-13	-5	5.91119e-49
-13	-4.89	2.72122e-06
-13	-4.78	-6.91764e-06
-13	-4.67	-2.13976e-05
-13	-4.56	-1.24026e-05
-13	-4.45	7.63203e-06
-13	-4.34	1.98852e-05
-13	-4.23	3.78244e-05
-13	-4.12	4.71567e-05
-13	-4.01	5.53467e-05
-13	-3.9	4.72579e-05
-13	-3.79	1.24032e-05
-13	-3.68	-6.65343e-05
-13	-3.57	-0.00016235
-13	-3.46	-0.000167284
-13	-3.35	3.80564e-05
-13	-3.24	0.000300255
-13	-3.13	0.00011662
-13	-3.02	-0.000420408
-13	-2.91	-8.85488e-05
-13	-2.8	0.00063277
-13	-2.69	-0.000438008
-13	-2.58	-0.00030738
-13	-2.47	0.000990237
-13	-2.36	-0.00126044
-13	-2.25	0.00114901
-13	-2.14	-0.000864947
-13	-2.03	0.000623287
-13	-1.92	-0.000602239
-13	-1.81	0.000968586
-13	-1.7	-0.00187063
-13	-1.59	0.00328488
-13	-1.48	-0.00464201
-13	-1.37	0.00446239
-13	-1.26	-0.00096366
-13	-1.15	-0.00515812
-13	-1.04	0.00768066
-13	-0.93	0.000212585
-13	-0.82	-0.0103718
-13	-0.71	0.00224609
-13	-0.6	0.0131391
-13	-0.49	0.00235572
-13	-0.38	-0.0137102
-13	-0.27	-0.0154607
-13	-0.16	-0.00335129
-13	-0.05	0.0111521
-13	0.06	0.0199761
-13	0.17	0.0221722
-13	0.28	0.0205983
-13	0.39	0.0183768
-13	0.5	0.0174375
-13	0.61	0.0183847
-13	0.72	0.0206058
-13	0.83	0.0221765
-13	0.94	0.0199765
-13	1.05	0.0111498
-13	1.16	-0.00335389
-13	1.27	-0.0154614
-13	1.38	-0.0137091
-13	1.49	0.00235663
-13	1.6	0.0131388
-13	1.71	0.0022455
-13	1.82	-0.0103715
-13	1.93	0.000212861
-13	2.04	0.00768041
-13	2.15	-0.00515811
-13	2.26	-0.000963526
-13	2.37	0.00446225
-13	2.48	-0.00464192
-13	2.59	0.00328485
-13	2.7	-0.00187063
-13	2.81	0.000968599
-13	2.92	-0.000602251
-13	3.03	0.000623294
-13	3.14	-0.000864947
-13	3.25	0.001149
-13	3.36	-0.00126042
-13	3.47	0.000990223
-13	3.58	-0.000307373
-13	3.69	-0.000438006
-13	3.8	0.000632771
-13	3.91	-8.8528e-05
-13	4.02	-0.00042037
-13	4.13	0.000116681
-13	4.24	0.000300317
-13	4.35	3.79806e-05
-13	4.46	-0.000167539
-13	4.57	-0.000162166
-13	4.68	-6.6169e-05
-13	4.79	1.15424e-05
-13	4.9	4.83159e-05
-13	5.01	5.42289e-05
-13	5.12	4.85292e-05
-13	5.23	3.56029e-05
-13	5.34	2.37788e-05
-13	5.45	2.05337e-06
-13	5.56	-8.33292e-06
-13	5.67	-1.71508e-05
-13	5.78	-1.94706e-05
-13	5.89	3.06413e-06

-14	-5	5.91119e-49
-14	-4.89	-3.21479e-05
-14	-4.78	-4.73381e-05
-14	-4.67	-4.304e-05
-14	-4.56	-3.83353e-05
-14	-4.45	-5.34017e-05
-14	-4.34	-7.7359e-05
-14	-4.23	-8.98734e-05
-14	-4.12	-9.60527e-05
-14	-4.01	-6.90454e-05
-14	-3.9	3.72932e-05
-14	-3.79	0.000172031
-14	-3.68	0.000187939
-14	-3.57	-6.62356e-05
-14	-3.46	-0.000326365
-14	-3.35	-2.01831e-05
-14	-3.24	0.000462629
-14	-3.13	-0.00012952
-14	-3.02	-0.00053592
-14	-2.91	0.000683333
-14	-2.8	-0.000158097
-14	-2.69	-0.000606696
-14	-2.58	0.00118284
-14	-2.47	-0.00143222
-14	-2.36	0.00144803
-14	-2.25	-0.00140713
-14	-2.14	0.00148114
-14	-2.03	-0.00180998
-14	-1.92	0.00247306
-14	-1.81	-0.00338544
-14	-1.7	0.00408887
-14	-1.59	-0.00358855
-14	-1.48	0.000758103
-14	-1.37	0.00404106
-14	-1.26	-0.00694754
-14	-1.15	0.00247644
-14	-1.04	0.00719921
-14	-0.93	-0.00731949
-14	-0.82	-0.00720497
-14	-0.71	0.00882826
-14	-0.6	0.0114435
-14	-0.49	-0.00354141
-14	-0.38	-0.0158517
-14	-0.27	-0.0130575
-14	-0.16	4.929e-06
-14	-0.05	0.0129527
-14	0.06	0.0200541
-14	0.17	0.0213938
-14	0.28	0.0196936
-14	0.39	0.0176145
-14	0.5	0.0167582
-14	0.61	0.0176227
-14	0.72	0.0197017
-14	0.83	0.0213988
-14	0.94	0.0200552
-14	1.05	0.0129507
-14	1.16	1.99516e-06
-14	1.27	-0.0130589
-14	1.38	-0.015851
-14	1.49	-0.00354017
-14	1.6	0.0114437
-14	1.71	0.00882756
-14	1.82	-0.00720515
-14	1.93	-0.00731904
-14	2.04	0.00719919
-14	2.15	0.00247618
-14	2.26	-0.00694736
-14	2.37	0.00404106
-14	2.48	0.000757997
-14	2.59	-0.00358844
-14	2.7	0.00408879
-14	2.81	-0.0033854
-14	2.92	0.00247304
-14	3.03	-0.00180997
-14	3.14	0.00148113
-14	3.25	-0.00140711
-14	3.36	0.00144803
-14	3.47	-0.00143217
-14	3.58	0.00118289
-14	3.69	-0.000606606
-14	3.8	-0.000158147
-14	3.91	0.000683079
-14	4.02	-0.000535825
-14	4.13	-0.000129095
-14	4.24	0.000461911
-14	4.35	-1.95934e-05
-14	4.46	-0.000326598
-14	4.57	-6.63094e-05
-14	4.68	0.000187992
-14	4.79	0.000172743
-14	4.9	3.45831e-05
-14	5.01	-6.34728e-05
-14	5.12	-0.00010226
-14	5.23	-9.04413e-05
-14	5.34	-6.56841e-05
-14	5.45	-5.96399e-05
-14	5.56	-5.62163e-05
-14	5.67	-3.91946e-05
-14	5.78	-1.82622e-05
-14	5.89	-5.33465e-06

-15	-5	5.91119e-49
-15	-4.89	-1.32354e-05
-15	-4.78	-1.82747e-05
-15	-4.67	-5.58448e-06
-15	-4.56	3.25486e-05
-15	-4.45	9.12154e-05
-15	-4.34	0.000138384
-15	-4.23	0.000115568
-15	-4.12	-1.73035e-05
-15	-4.01	-0.000191243
-15	-3.9	-0.000190985
-15	-3.79	0.00011421
-15	-3.68	0.000331772
-15	-3.57	-0.00010101
-15	-3.46	-0.000442871
-15	-3.35	0.000343653
-15	-3.24	0.00031847
-15	-3.13	-0.000764673
-15	-3.02	0.000572369
-15	-2.91	7.62259e-05
-15	-2.8	-0.000787767
-15	-2.69	0.00131094
-15	-2.58	-0.00161076
-15	-2.47	0.00178441
-15	-2.36	-0.00196528
-15	-2.25	0.00226338
-15	-2.14	-0.00271983
-15	-2.03	0.00323324
-15	-1.92	-0.00344484
-15	-1.81	0.0026845
-15	-1.7	-0.00027035
-15	-1.59	-0.00350393
-15	-1.48	0.00611187
-15	-1.37	-0.00355007
-15	-1.26	-0.00430892
-15	-1.15	0.00829693
-15	-1.04	0.000858706
-15	-0.93	-0.010645
-15	-0.82	-0.000937094
-15	-0.71	0.0124536
-15	-0.6	0.0074776
-15	-0.49	-0.00842431
-15	-0.38	-0.0163921
-15	-0.27	-0.0102913
-15	-0.16	0.00287428
-15	-0.05	0.0142612
-15	0.06	0.0199458
-15	0.17	0.0206444
-15	0.28	0.0188815
-15	0.39	0.0169355
-15	0.5	0.0161513
-15	0.61	0.0169441
-15	0.72	0.0188902
-15	0.83	0.0206501
-15	0.94	0.0199475
-15	1.05	0.0142595
-15	1.16	0.00287116
-15	1.27	-0.0102934
-15	1.38	-0.0163919
-15	1.49	-0.00842294
-15	1.6	0.00747827
-15	1.71	0.0124531
-15	1.82	-0.000937675
-15	1.93	-0.0106447
-15	2.04	0.000859022
-15	2.15	0.00829665
-15	2.26	-0.00430898
-15	2.37	-0.00354985
-15	2.48	0.00611173
-15	2.59	-0.00350392
-15	2.7	-0.000270262
-15	2.81	0.00268442
-15	2.92	-0.00344473
-15	3.03	0.00323325
-15	3.14	-0.0027197
-15	3.25	0.00226334
-15	3.36	-0.00196549
-15	3.47	0.0017844
-15	3.58	-0.0016103
-15	3.69	0.00131039
-15	3.8	-0.000787582
-15	3.91	7.66162e-05
-15	4.02	0.000571402
-15	4.13	-0.000763235
-15	4.24	0.000316826
-15	4.35	0.000344801
-15	4.46	-0.000442068
-15	4.57	-0.000105475
-15	4.68	0.000339063
-15	4.79	0.000111167
-15	4.9	-0.000200187
-15	5.01	-0.000180645
-15	5.12	-4.76477e-06
-15	5.23	0.000102815
-15	5.34	0.000112092
-15	5.45	8.27088e-05
-15	5.56	5.64183e-05
-15	5.67	4.23098e-05
-15	5.78	3.686e-05
-15	5.89	3.69856e-05

-16	-5	5.91119e-49
-16	-4.89	-1.14294e-05
-16	-4.78	-4.19363e-05
-16	-4.67	-9.93153e-05
-16	-4.56	-0.00015894
-16	-4.45	-0.000148187
-16	-4.34	5.07541e-06
-16	-4.23	0.000222478
-16	-4.12	0.000206152
-16	-4.01	-0.00016954
-16	-3.9	-0.000322175
-16	-3.79	0.000227505
-16	-3.68	0.000351353
-16	-3.57	-0.000500724
-16	-3.46	-2.48207e-05
-16	-3.35	0.000654054
-16	-3.24	-0.000821953
-16	-3.13	0.000449015
-16	-3.02	0.000202708
-16	-2.91	-0.000849543
-16	-2.8	0.0013522
-16	-2.69	-0.00171157
-16	-2.58	0.00199775
-16	-2.47	-0.00228169
-16	-2.36	0.00258002
-16	-2.25	-0.00279694
-16	-2.14	0.00266347
-16	-2.03	-0.00173957
-16	-1.92	-0.00035573
-16	-1.81	0.00331961
-16	-1.7	-0.00540174
-16	-1.59	0.00376812
-16	-1.48	0.00235991
-16	-1.37	-0.00750889
-16	-1.26	0.0030893
-16	-1.15	0.00776374
-16	-1.04	-0.00616946
-16	-0.93	-0.00912183
-16	-0.82	0.00544182
-16	-0.71	0.0129941
-16	-0.6	0.00263556
-16	-0.49	-0.0119598
-16	-0.38	-0.0157933
-16	-0.27	-0.00747267
-16	-0.16	0.00527185
-16	-0.05	0.0151904
-16	0.06	0.0197156
-16	0.17	0.0199328
-16	0.28	0.0181491
-16	0.39	0.0163263
-16	0.5	0.015605
-16	0.61	0.0163353
-16	0.72	0.0181583
-16	0.83	0.0199391
-16	0.94	0.019718
-16	1.05	0.0151891
-16	1.16	0.00526868
-16	1.27	-0.00747527
-16	1.38	-0.0157937
-16	1.49	-0.0119585
-16	1.6	0.00263667
-16	1.71	0.0129939
-16	1.82	0.005441
-16	1.93	-0.00912187
-16	2.04	-0.00616893
-16	2.15	0.0077637
-16	2.26	0.00308899
-16	2.37	-0.00750869
-16	2.48	0.00236006
-16	2.59	0.00376803
-16	2.7	-0.00540161
-16	2.81	0.00331939
-16	2.92	-0.000355843
-16	3.03	-0.00173907
-16	3.14	0.00266306
-16	3.25	-0.00279704
-16	3.36	0.00258073
-16	3.47	-0.00228293
-16	3.58	0.00199947
-16	3.69	-0.00171381
-16	3.8	0.00135493
-16	3.91	-0.000852326
-16	4.02	0.000204071
-16	4.13	0.000451505
-16	4.24	-0.000829114
-16	4.35	0.000660101
-16	4.46	-1.92345e-05
-16	4.57	-0.000513694
-16	4.68	0.000345477
-16	4.79	0.000245452
-16	4.9	-0.000303791
-16	5.01	-0.00017769
-16	5.12	0.000172056
-16	5.23	0.000183326
-16	5.34	-1.84859e-05
-16	5.45	-0.00014618
-16	5.56	-0.000130978
-16	5.67	-4.98578e-05
-16	5.78	2.24097e-05
-16	5.89	5.77774e-05

-17	-5	5.91119e-49
-17	-4.89	0.000119749
-17	-4.78	0.000224333
-17	-4.67	0.000232539
-17	-4.56	5.72696e-05
-17	-4.45	-0.000183386
-17	-4.34	-0.000123908
-17	-4.23	0.00028014
-17	-4.12	0.000286709
-17	-4.01	-0.000332673
-17	-3.9	-0.00017777
-17	-3.79	0.000570522
-17	-3.68	-0.000301361
-17	-3.57	-0.000395605
-17	-3.46	0.000857013
-17	-3.35	-0.000821806
-17	-3.24	0.000401482
-17	-3.13	0.0001927
-17	-3.02	-0.000775311
-17	-2.91	0.0012511
-17	-2.8	-0.00161398
-17	-2.69	0.00189073
-17	-2.58	-0.00207842
-17	-2.47	0.0020951
-17	-2.36	-0.00174924
-17	-2.25	0.000767421
-17	-2.14	0.00102834
-17	-2.03	-0.0033176
-17	-1.92	0.0048282
-17	-1.81	-0.00356874
-17	-1.7	-0.00125477
-17	-1.59	0.00631561
-17	-1.48	-0.00489906
-17	-1.37	-0.00412327
-17	-1.26	0.00840979
-17	-1.15	0.00238468
-17	-1.04	-0.0102808
-17	-0.93	-0.00444413
-17	-0.82	0.0101425
-17	-0.71	0.0111745
-17	-0.6	-0.0021215
-17	-0.49	-0.0141755
-17	-0.38	-0.0144541
-17	-0.27	-0.0047794
-17	-0.16	0.00724431
-17	-0.05	0.0158294
-17	0.06	0.0194074
-17	0.17	0.0192623
-17	0.28	0.0174856
-17	0.39	0.015776
-17	0.5	0.0151098
-17	0.61	0.0157853
-17	0.72	0.0174953
-17	0.83	0.0192692
-17	0.94	0.0194105
-17	1.05	0.0158287
-17	1.16	0.0072412
-17	1.27	-0.00478245
-17	1.38	-0.0144551
-17	1.49	-0.0141745
-17	1.6	-0.00212006
-17	1.71	0.0111748
-17	1.82	0.0101417
-17	1.93	-0.00444455
-17	2.04	-0.0102802
-17	2.15	0.00238502
-17	2.26	0.00840926
-17	2.37	-0.00412349
-17	2.48	-0.0048984
-17	2.59	0.00631533
-17	2.7	-0.00125523
-17	2.81	-0.00356773
-17	2.92	0.00482693
-17	3.03	-0.0033162
-17	3.14	0.00102672
-17	3.25	0.000769559
-17	3.36	-0.0017522
-17	3.47	0.00209882
-17	3.58	-0.00208168
-17	3.69	0.00189065
-17	3.8	-0.00160807
-17	3.91	0.00124303
-17	4.02	-0.000776677
-17	4.13	0.000205909
-17	4.24	0.000400522
-17	4.35	-0.000841003
-17	4.46	0.000849012
-17	4.57	-0.000375964
-17	4.68	-0.000269254
-17	4.79	0.000589006
-17	4.9	-0.000188058
-17	5.01	-0.000371951
-17	5.12	0.000225826
-17	5.23	0.000204691
-17	5.34	-0.000211277
-17	5.45	-0.000284755
-17	5.56	-6.23673e-05
-17	5.67	9.41766e-05
-17	5.78	8.13472e-05
-17	5.89	1.39023e-05

-18	-5	5.91119e-49
-18	-4.89	-0.000172089
-18	-4.78	-7.87034e-05
-18	-4.67	0.00014287
-18	-4.56	3.27777e-05
-18	-4.45	-0.000355492
-18	-4.34	-0.000175703
-18	-4.23	0.000431085
-18	-4.12	-1.93012e-05
-18	-4.01	-0.000529373
-18	-3.9	0.000526559
-18	-3.79	3.57827e-06
-18	-3.68	-0.000676175
-18	-3.57	0.000944788
-18	-3.46	-0.000877897
-18	-3.35	0.000454532
-18	-3.24	5.799e-05
-18	-3.13	-0.000516352
-18	-3.02	0.000916978
-18	-2.91	-0.00119113
-18	-2.8	0.0012997
-18	-2.69	-0.00119933
-18	-2.58	0.000761563
-18	-2.47	0.000178605
-18	-2.36	-0.00166622
-18	-2.25	0.00337048
-18	-2.14	-0.00433449
-18	-2.03	0.00316392
-18	-1.92	0.000749453
-18	-1.81	-0.00526733
-18	-1.7	0.00543217
-18	-1.59	0.00128439
-18	-1.48	-0.00781154
-18	-1.37	0.00275537
-18	-1.26	0.00855572
-18	-1.15	-0.00416738
-18	-1.04	-0.0105112
-18	-0.93	0.00126808
-18	-0.82	0.0125558
-18	-0.71	0.0079194
-18	-0.6	-0.00625314
-18	-0.49	-0.0152624
-18	-0.38	-0.0126813
-18	-0.27	-0.00230307
-18	-0.16	0.0088484
-18	-0.05	0.0162475
-18	0.06	0.0190513
-18	0.17	0.0186333
-18	0.28	0.0168817
-18	0.39	0.0152758
-18	0.5	0.0146584
-18	0.61	0.0152855
-18	0.72	0.0168919
-18	0.83	0.0186408
-18	0.94	0.019055
-18	1.05	0.0162473
-18	1.16	0.00884545
-18	1.27	-0.00230646
-18	1.38	-0.0126829
-18	1.49	-0.0152617
-18	1.6	-0.00625149
-18	1.71	0.00792001
-18	1.82	0.0125551
-18	1.93	0.00126759
-18	2.04	-0.0105111
-18	2.15	-0.0041673
-18	2.26	0.00855642
-18	2.37	0.00275417
-18	2.48	-0.00781065
-18	2.59	0.00128394
-18	2.7	0.00543266
-18	2.81	-0.00526851
-18	2.92	0.000751877
-18	3.03	0.00315997
-18	3.14	-0.00432982
-18	3.25	0.00336802
-18	3.36	-0.00166989
-18	3.47	0.000187393
-18	3.58	0.000758761
-18	3.69	-0.00121077
-18	3.8	0.00130658
-18	3.91	-0.00117417
-18	4.02	0.000914533
-18	4.13	-0.000540863
-18	4.24	3.63639e-05
-18	4.35	0.000458425
-18	4.46	-0.000845601
-18	4.57	0.000993514
-18	4.68	-0.000625555
-18	4.79	4.67289e-05
-18	4.9	0.000560081
-18	5.01	-0.000501405
-18	5.12	1.24312e-05
-18	5.23	0.000480851
-18	5.34	-9.01398e-05
-18	5.45	-0.000219524
-18	5.56	0.00021399
-18	5.67	0.000319683
-18	5.78	-9.80936e-06
-18	5.89	-0.00031286

-19	-5	5.91119e-49
-19	-4.89	-0.000461773
-19	-4.78	-0.000198679
-19	-4.67	0.000367006
-19	-4.56	0.000143138
-19	-4.45	-0.000332126
-19	-4.34	0.000300862
-19	-4.23	0.000371597
-19	-4.12	-0.000687738
-19	-4.01	0.000302287
-19	-3.9	0.000234955
-19	-3.79	-0.000883286
-19	-3.68	0.00101775
-19	-3.57	-0.00098246
-19	-3.46	0.000611705
-19	-3.35	-0.000266356
-19	-3.24	-7.93343e-05
-19	-3.13	0.000327266
-19	-3.02	-0.000366185
-19	-2.91	0.00024611
-19	-2.8	0.000217423
-19	-2.69	-0.00105737
-19	-2.58	0.00220011
-19	-2.47	-0.00337682
-19	-2.36	0.00385502
-19	-2.25	-0.00264282
-19	-2.14	-0.000645295
-19	-2.03	0.00451483
-19	-1.92	-0.00535292
-19	-1.81	0.000520519
-19	-1.7	0.00622453
-19	-1.59	-0.00540394
-19	-1.48	-0.00459481
-19	-1.37	0.00804653
-19	-1.26	0.00440745
-19	-1.15	-0.00900339
-19	-1.04	-0.00764604
-19	-0.93	0.00641946
-19	-0.82	0.0128247
-19	-0.71	0.00403264
-19	-0.6	-0.00952764
-19	-0.49	-0.0154595
-19	-0.38	-0.0106952
-19	-0.27	-8.18167e-05
-19	-0.16	0.0101407
-19	-0.05	0.0164978
-19	0.06	0.0186678
-19	0.17	0.0180445
-19	0.28	0.0163298
-19	0.39	0.0148188
-19	0.5	0.0142447
-19	0.61	0.0148288
-19	0.72	0.0163404
-19	0.83	0.0180526
-19	0.94	0.0186722
-19	1.05	0.0164982
-19	1.16	0.0101378
-19	1.27	-8.56429e-05
-19	1.38	-0.0106972
-19	1.49	-0.0154592
-19	1.6	-0.00952657
-19	1.71	0.00403449
-19	1.82	0.0128241
-19	1.93	0.00641852
-19	2.04	-0.00764596
-19	2.15	-0.00900341
-19	2.26	0.00440836
-19	2.37	0.00804588
-19	2.48	-0.00459586
-19	2.59	-0.00540068
-19	2.7	0.00621952
-19	2.81	0.000524806
-19	2.92	-0.00535184
-19	3.03	0.00450666
-19	3.14	-0.000639095
-19	3.25	-0.00263455
-19	3.36	0.00384373
-19	3.47	-0.00338876
-19	3.58	0.00221101
-19	3.69	-0.00103425
-19	3.8	0.00022476
-19	3.91	0.000225387
-19	4.02	-0.000403942
-19	4.13	0.000292459
-19	4.24	-9.58833e-05
-19	4.35	-0.000258815
-19	4.46	0.000642297
-19	4.57	-0.000932943
-19	4.68	0.00108118
-19	4.79	-0.000812089
-19	4.9	0.000303688
-19	5.01	0.000350283
-19	5.12	-0.000689296
-19	5.23	0.000287623
-19	5.34	0.000122584
-19	5.45	-0.000553036
-19	5.56	1.8162e-05
-19	5.67	0.000488291
-19	5.78	0.000128187
-19	5.89	-0.000282479

-20	-5	5.91119e-49
-20	-4.89	-0.0006465
-20	-4.78	4.73004e-05
-20	-4.67	0.000582141
-20	-4.56	-0.000256042
-20	-4.45	-0.00014643
-20	-4.34	0.000479954
-20	-4.23	-0.000745062
-20	-4.12	0.00011488
-20	-4.01	0.000519743
-20	-3.9	-0.000882145
-20	-3.79	0.0012332
-20	-3.68	-0.00103495
-20	-3.57	0.000968421
-20	-3.46	-0.000651584
-20	-3.35	0.000577827
-20	-3.24	-0.000479292
-20	-3.13	0.000711266
-20	-3.02	-0.00105145
-20	-2.91	0.0017662
-20	-2.8	-0.00255925
-20	-2.69	0.0032817
-20	-2.58	-0.00333617
-20	-2.47	0.00201996
-20	-2.36	0.000781577
-20	-2.25	-0.00401705
-20	-2.14	0.00503742
-20	-2.03	-0.00151154
-20	-1.92	-0.00462534
-20	-1.81	0.00624878
-20	-1.7	0.000967887
-20	-1.59	-0.00807208
-20	-1.48	0.00167396
-20	-1.37	0.0092273
-20	-1.26	-0.00147613
-20	-1.15	-0.0108926
-20	-1.04	-0.00309579
-20	-0.93	0.0101476
-20	-0.82	0.011437
-20	-0.71	9.8901e-05
-20	-0.6	-0.0119071
-20	-0.49	-0.0149976
-20	-0.38	-0.00864543
-20	-0.27	0.00187747
-20	-0.16	0.0111717
-20	-0.05	0.016621
-20	0.06	0.018271
-20	0.17	0.0174938
-20	0.28	0.0158235
-20	0.39	0.0143995
-20	0.5	0.0138639
-20	0.61	0.0144095
-20	0.72	0.0158343
-20	0.83	0.0175026
-20	0.94	0.0182761
-20	1.05	0.0166214
-20	1.16	0.0111697
-20	1.27	0.00187366
-20	1.38	-0.00864868
-20	1.49	-0.0149971
-20	1.6	-0.011907
-20	1.71	0.000102116
-20	1.82	0.0114354
-20	1.93	0.0101484
-20	2.04	-0.00309728
-20	2.15	-0.0108936
-20	2.26	-0.00147126
-20	2.37	0.0092214
-20	2.48	0.00167553
-20	2.59	-0.00806557
-20	2.7	0.000959418
-20	2.81	0.00624468
-20	2.92	-0.004612
-20	3.03	-0.00150584
-20	3.14	0.00502105
-20	3.25	-0.00403393
-20	3.36	0.000788109
-20	3.47	0.0020483
-20	3.58	-0.00330685
-20	3.69	0.00329134
-20	3.8	-0.00257706
-20	3.91	0.00172393
-20	4.02	-0.00111059
-20	4.13	0.000641595
-20	4.24	-0.000556972
-20	4.35	0.000490735
-20	4.46	-0.000752119
-20	4.57	0.000850934
-20	4.68	-0.00116673
-20	4.79	0.00110437
-20	4.9	-0.00096835
-20	5.01	0.000533223
-20	5.12	0.000267488
-20	5.23	-0.000499089
-20	5.34	0.000645555
-20	5.45	-0.000261199
-20	5.56	-0.000602664
-20	5.67	0.000428771
-20	5.78	0.0003945
-20	5.89	-0.000307602

-21	-5	5.91119e-49
-21	-4.89	-0.000590939
-21	-4.78	0.000383984
-21	-4.67	0.000112684
-21	-4.56	-0.000304937
-21	-4.45	0.000555224
-21	-4.34	-0.0007113
-21	-4.23	2.50383e-05
-21	-4.12	0.000756063
-21	-4.01	-0.000918578
-21	-3.9	0.00125732
-21	-3.79	-0.00137184
-21	-3.68	0.00114866
-21	-3.57	-0.00128596
-21	-3.46	0.00118452
-21	-3.35	-0.00141874
-21	-3.24	0.00171676
-21	-3.13	-0.00218935
-21	-3.02	0.00271767
-21	-2.91	-0.0030195
-21	-2.8	0.00271433
-21	-2.69	-0.00137752
-21	-2.58	-0.00110207
-21	-2.47	0.00371941
-21	-2.36	-0.00465731
-21	-2.25	0.00193258
-21	-2.14	0.00336439
-21	-2.03	-0.00611962
-21	-1.92	0.00155296
-21	-1.81	0.00628433
-21	-1.7	-0.0053067
-21	-1.59	-0.0055289
-21	-1.48	0.00711488
-21	-1.37	0.00652179
-21	-1.26	-0.00673483
-21	-1.15	-0.00994232
-21	-1.04	0.00182317
-21	-0.93	0.0121866
-21	-0.82	0.00896033
-21	-0.71	-0.00351277
-21	-0.6	-0.0134617
-21	-0.49	-0.0140722
-21	-0.38	-0.00663146
-21	-0.27	0.00358577
-21	-0.16	0.0119867
-21	-0.05	0.0166485
-21	0.06	0.01787
-21	0.17	0.0169793
-21	0.28	0.0153571
-21	0.39	0.0140125
-21	0.5	0.0135117
-21	0.61	0.014023
-21	0.72	0.0153687
-21	0.83	0.0169879
-21	0.94	0.0178766
-21	1.05	0.0166484
-21	1.16	0.0119862
-21	1.27	0.00357991
-21	1.38	-0.00663222
-21	1.49	-0.0140759
-21	1.6	-0.0134582
-21	1.71	-0.00351157
-21	1.82	0.00895827
-21	1.93	0.0121918
-21	2.04	0.00181774
-21	2.15	-0.00994587
-21	2.26	-0.00672448
-21	2.37	0.0065212
-21	2.48	0.00710122
-21	2.59	-0.00552779
-21	2.7	-0.00528846
-21	2.81	0.00629225
-21	2.92	0.0015361
-21	3.03	-0.00614642
-21	3.14	0.00335161
-21	3.25	0.00194663
-21	3.36	-0.00461985
-21	3.47	0.00376714
-21	3.58	-0.00105625
-21	3.69	-0.00134077
-21	3.8	0.00274021
-21	3.91	-0.00300111
-21	4.02	0.00273508
-21	4.13	-0.00216254
-21	4.24	0.00176631
-21	4.35	-0.00133182
-21	4.46	0.00131734
-21	4.57	-0.00111868
-21	4.68	0.00130221
-21	4.79	-0.0013172
-21	4.9	0.00113732
-21	5.01	-0.00117955
-21	5.12	0.000563745
-21	5.23	0.000148251
-21	5.34	-0.000346437
-21	5.45	0.00066078
-21	5.56	-0.000712061
-21	5.67	-0.0001346
-21	5.78	0.000868066
-21	5.89	-0.000361798

-22	-5	5.91119e-49
-22	-4.89	0.000335317
-22	-4.78	-0.000240693
-22	-4.67	-0.000403445
-22	-4.56	0.000995902
-22	-4.45	-0.000690358
-22	-4.34	-0.00027954
-22	-4.23	0.000801945
-22	-4.12	-0.00086448
-22	-4.01	0.00129847
-22	-3.9	-0.00163438
-22	-3.79	0.00143853
-22	-3.68	-0.00163219
-22	-3.57	0.00191822
-22	-3.46	-0.00194473
-22	-3.35	0.00241057
-22	-3.24	-0.0025781
-22	-3.13	0.00255318
-22	-3.02	-0.00206377
-22	-2.91	0.00060286
-22	-2.8	0.00141382
-22	-2.69	-0.00363219
-22	-2.58	0.00419948
-22	-2.47	-0.00205591
-22	-2.36	-0.00252754
-22	-2.25	0.00562553
-22	-2.14	-0.0029925
-22	-2.03	-0.00413145
-22	-1.92	0.00661832
-22	-1.81	0.00131802
-22	-1.7	-0.00821496
-22	-1.59	1.32151e-06
-22	-1.48	0.00941377
-22	-1.37	0.00161991
-22	-1.26	-0.00998365
-22	-1.15	-0.00695458
-22	-1.04	0.00616934
-22	-0.93	0.0126546
-22	-0.82	0.00590353
-22	-0.71	-0.00660593
-22	-0.6	-0.014307
-22	-0.49	-0.0128435
-22	-0.38	-0.00471026
-22	-0.27	0.00505905
-22	-0.16	0.0126268
-22	-0.05	0.0166005
-22	0.06	0.0174737
-22	0.17	0.016497
-22	0.28	0.0149263
-22	0.39	0.0136542
-22	0.5	0.0131849
-22	0.61	0.0136651
-22	0.72	0.0149378
-22	0.83	0.0165076
-22	0.94	0.0174775
-22	1.05	0.0166059
-22	1.16	0.0126214
-22	1.27	0.00505763
-22	1.38	-0.00471288
-22	1.49	-0.0128502
-22	1.6	-0.0143002
-22	1.71	-0.00660375
-22	1.82	0.00589557
-22	1.93	0.0126593
-22	2.04	0.00617923
-22	2.15	-0.00696206
-22	2.26	-0.00999907
-22	2.37	0.00162189
-22	2.48	0.00943494
-22	2.59	1.95319e-05
-22	2.7	-0.00821949
-22	2.81	0.00128945
-22	2.92	0.00658024
-22	3.03	-0.00416094
-22	3.14	-0.00300242
-22	3.25	0.00563781
-22	3.36	-0.00249452
-22	3.47	-0.00200596
-22	3.58	0.00426195
-22	3.69	-0.00356096
-22	3.8	0.0014877
-22	3.91	0.00066879
-22	4.02	-0.00202366
-22	4.13	0.0025416
-22	4.24	-0.00266608
-22	4.35	0.00224346
-22	4.46	-0.00214055
-22	4.57	0.00180695
-22	4.68	-0.00154169
-22	4.79	0.00171136
-22	4.9	-0.001428
-22	5.01	0.00115168
-22	5.12	-0.00124214
-22	5.23	0.000766326
-22	5.34	0.000175162
-22	5.45	-0.000570777
-22	5.56	0.000440579
-22	5.67	-0.000413489
-22	5.78	0.000421383
-22	5.89	-6.73646e-05

-23	-5	5.91119e-49
-23	-4.89	0.000963452
-23	-4.78	-0.00118499
-23	-4.67	0.000631338
-23	-4.56	2.09548e-05
-23	-4.45	-0.000223931
-23	-4.34	0.000294124
-23	-4.23	-0.000840514
-23	-4.12	0.00155639
-23	-4.01	-0.00165352
-23	-3.9	0.00148236
-23	-3.79	-0.00186001
-23	-3.68	0.00221673
-23	-3.57	-0.00206449
-23	-3.46	0.00216653
-23	-3.35	-0.00208318
-23	-3.24	0.00113432
-23	-3.13	4.12329e-05
-23	-3.02	-0.00183414
-23	-2.91	0.00355921
-23	-2.8	-0.00376414
-23	-2.69	0.00195059
-23	-2.58	0.00205132
-23	-2.47	-0.0050332
-23	-2.36	0.00372278
-23	-2.25	0.0023351
-23	-2.14	-0.00644253
-23	-2.03	0.00192727
-23	-1.92	0.00661637
-23	-1.81	-0.00464463
-23	-1.7	-0.00664646
-23	-1.59	0.00552298
-23	-1.48	0.00829676
-23	-1.37	-0.0036184
-23	-1.26	-0.0108862
-23	-1.15	-0.00291099
-23	-1.04	0.00946387
-23	-0.93	0.011855
-23	-0.82	0.00264829
-23	-0.71	-0.00910581
-23	-0.6	-0.0145647
-23	-0.49	-0.0114341
-23	-0.38	-0.00292005
-23	-0.27	0.00632436
-23	-0.16	0.0131198
-23	-0.05	0.0165003
-23	0.06	0.0170814
-23	0.17	0.0160484
-23	0.28	0.0145242
-23	0.39	0.0133232
-23	0.5	0.0128796
-23	0.61	0.0133323
-23	0.72	0.0145401
-23	0.83	0.0160547
-23	0.94	0.0170892
-23	1.05	0.0165068
-23	1.16	0.0131111
-23	1.27	0.00632414
-23	1.38	-0.00291724
-23	1.49	-0.0114443
-23	1.6	-0.0145714
-23	1.71	-0.00909304
-23	1.82	0.00266137
-23	1.93	0.0118458
-23	2.04	0.00944192
-23	2.15	-0.00291861
-23	2.26	-0.0108676
-23	2.37	-0.00358634
-23	2.48	0.00832045
-23	2.59	0.00552405
-23	2.7	-0.00667015
-23	2.81	-0.00468836
-23	2.92	0.00655905
-23	3.03	0.00186236
-23	3.14	-0.00651203
-23	3.25	0.00225944
-23	3.36	0.00363731
-23	3.47	-0.00513222
-23	3.58	0.00193644
-23	3.69	0.00182524
-23	3.8	-0.00388023
-23	3.91	0.00348921
-23	4.02	-0.00181083
-23	4.13	0.00018402
-23	4.24	0.00135258
-23	4.35	-0.00192852
-23	4.46	0.00209695
-23	4.57	-0.00235004
-23	4.68	0.00200876
-23	4.79	-0.0016758
-23	4.9	0.00186178
-23	5.01	-0.0017079
-23	5.12	0.00107936
-23	5.23	-0.000804088
-23	5.34	0.000859396
-23	5.45	-0.000449461
-23	5.56	-0.000526377
-23	5.67	0.00126804
-23	5.78	-0.0011031
-23	5.89	0.000159134

-24	-5	5.91119e-49
-24	-4.89	-0.000816915
-24	-4.78	0.0012533
-24	-4.67	-0.00102981
-24	-4.56	0.000182285
-24	-4.45	0.000799171
-24	-4.34	-0.00127468
-24	-4.23	0.00113904
-24	-4.12	-0.00103832
-24	-4.01	0.00148514
-24	-3.9	-0.00197313
-24	-3.79	0.00179126
-24	-3.68	-0.00135329
-24	-3.57	0.00121573
-24	-3.46	-0.000602403
-24	-3.35	-0.000907113
-24	-3.24	0.00228505
-24	-3.13	-0.00325749
-24	-3.02	0.00352319
-24	-2.91	-0.0015907
-24	-2.8	-0.00182593
-24	-2.69	0.00449134
-24	-2.58	-0.00399753
-24	-2.47	-0.00101081
-24	-2.36	0.00568052
-24	-2.25	-0.0038127
-24	-2.14	-0.00403795
-24	-2.03	0.00666412
-24	-1.92	0.00216969
-24	-1.81	-0.008093
-24	-1.7	-0.00204855
-24	-1.59	0.00887801
-24	-1.48	0.00469368
-24	-1.37	-0.00779921
-24	-1.26	-0.00969325
-24	-1.15	0.00132336
-24	-1.04	0.0114819
-24	-0.93	0.0101353
-24	-0.82	-0.000485825
-24	-0.71	-0.0109923
-24	-0.6	-0.0143849
-24	-0.49	-0.00994644
-24	-0.38	-0.00126567
-24	-0.27	0.00741146
-24	-0.16	0.0134872
-24	-0.05	0.0163567
-24	0.06	0.0167038
-24	0.17	0.0156263
-24	0.28	0.01415
-24	0.39	0.0130149
-24	0.5	0.012595
-24	0.61	0.0130206
-24	0.72	0.0141721
-24	0.83	0.0156302
-24	0.94	0.0167062
-24	1.05	0.0163706
-24	1.16	0.0134878
-24	1.27	0.00739576
-24	1.38	-0.00127602
-24	1.49	-0.00993382
-24	1.6	-0.0143694
-24	1.71	-0.0109963
-24	1.82	-0.000508122
-24	1.93	0.0101118
-24	2.04	0.011478
-24	2.15	0.00134447
-24	2.26	-0.00965359
-24	2.37	-0.00775263
-24	2.48	0.00473528
-24	2.59	0.00890819
-24	2.7	-0.00202973
-24	2.81	-0.00808232
-24	2.92	0.00217655
-24	3.03	0.00667432
-24	3.14	-0.00401353
-24	3.25	-0.00376183
-24	3.36	0.00576873
-24	3.47	-0.000881172
-24	3.58	-0.00384202
-24	3.69	0.00462593
-24	3.8	-0.00178393
-24	3.91	-0.00169894
-24	4.02	0.00329435
-24	4.13	-0.00344352
-24	4.24	0.00234473
-24	4.35	-0.000606349
-24	4.46	-0.000406232
-24	4.57	0.000983038
-24	4.68	-0.001717
-24	4.79	0.00195012
-24	4.9	-0.00151105
-24	5.01	0.00127991
-24	5.12	-0.00153934
-24	5.23	0.00157824
-24	5.34	-0.000945189
-24	5.45	5.14234e-05
-24	5.56	0.000481199
-24	5.67	-0.000504194
-24	5.78	0.000294035
-24	5.89	-0.000122657

-25	-5	5.91119e-49
-25	-4.89	0.000120304
-25	-4.78	-0.00030439
-25	-4.67	0.00047356
-25	-4.56	-0.000401734
-25	-4.45	-9.19266e-05
-25	-4.34	0.000872765
-25	-4.23	-0.00145125
-25	-4.12	0.00139286
-25	-4.01	-0.000854517
-25	-3.9	0.000463032
-25	-3.79	-0.000388767
-25	-3.68	-8.23805e-05
-25	-3.57	0.00141259
-25	-3.46	-0.00277034
-25	-3.35	0.00319642
-25	-3.24	-0.00278798
-25	-3.13	0.0013429
-25	-3.02	0.00166202
-25	-2.91	-0.00434644
-25	-2.8	0.00379625
-25	-2.69	0.000103674
-25	-2.58	-0.00469316
-25	-2.47	0.00480358
-25	-2.36	0.00171764
-25	-2.25	-0.00665406
-25	-2.14	0.00167837
-25	-2.03	0.00699146
-25	-1.92	-0.00358761
-25	-1.81	-0.00776193
-25	-1.7	0.00326041
-25	-1.59	0.00932928
-25	-1.48	-8.4794e-06
-25	-1.37	-0.010239
-25	-1.26	-0.00701515
-25	-1.15	0.0051657
-25	-1.04	0.0123059
-25	-0.93	0.00782729
-25	-0.82	-0.00336343
-25	-0.71	-0.0123167
-25	-0.6	-0.0138363
-25	-0.49	-0.00841545
-25	-0.38	0.000217583
-25	-0.27	0.00831541
-25	-0.16	0.0137646
-25	-0.05	0.0161988
-25	0.06	0.0163351
-25	0.17	0.0152194
-25	0.28	0.0138045
-25	0.39	0.0127304
-25	0.5	0.0123285
-25	0.61	0.0127249
-25	0.72	0.0138246
-25	0.83	0.0152443
-25	0.94	0.0163368
-25	1.05	0.0161898
-25	1.16	0.0137546
-25	1.27	0.00832625
-25	1.38	0.000238512
-25	1.49	-0.00841093
-25	1.6	-0.0138501
-25	1.71	-0.0123503
-25	1.82	-0.00339563
-25	1.93	0.00780328
-25	2.04	0.012302
-25	2.15	0.00518065
-25	2.26	-0.00698031
-25	2.37	-0.0101879
-25	2.48	5.33413e-05
-25	2.59	0.0093996
-25	2.7	0.00333507
-25	2.81	-0.00768804
-25	2.92	-0.00352514
-25	3.03	0.00702369
-25	3.14	0.00165778
-25	3.25	-0.00674526
-25	3.36	0.00155956
-25	3.47	0.0046272
-25	3.58	-0.00479126
-25	3.69	0.000177438
-25	3.8	0.00403011
-25	3.91	-0.00413865
-25	4.02	0.0016
-25	4.13	0.00102496
-25	4.24	-0.00295726
-25	4.35	0.0034839
-25	4.46	-0.00244572
-25	4.57	0.00114417
-25	4.68	-0.000483601
-25	4.79	-2.39023e-05
-25	4.9	0.000824332
-25	5.01	-0.00144514
-25	5.12	0.00134991
-25	5.23	-0.000745388
-25	5.34	0.000257777
-25	5.45	-0.000213221
-25	5.56	0.000424323
-25	5.67	-0.000501673
-25	5.78	0.000224361
-25	5.89	0.000332

-26	-5	5.91119e-49
-26	-4.89	0.00027438
-26	-4.78	-0.000382772
-26	-4.67	0.000247116
-26	-4.56	5.97656e-05
-26	-4.45	-0.000322245
-26	-4.34	0.000308872
-26	-4.23	6.1855e-06
-26	-4.12	-0.000295323
-26	-4.01	4.30348e-05
-26	-3.9	0.000957732
-26	-3.79	-0.00223623
-26	-3.68	0.00298433
-26	-3.57	-0.00287274
-26	-3.46	0.00216323
-26	-3.35	-0.000815688
-26	-3.24	-0.00156408
-26	-3.13	0.0040066
-26	-3.02	-0.00389433
-26	-2.91	0.000266891
-26	-2.8	0.00401492
-26	-2.69	-0.00479566
-26	-2.58	0.00026613
-26	-2.47	0.00563003
-26	-2.36	-0.00423898
-26	-2.25	-0.00441864
-26	-2.14	0.0063803
-26	-2.03	0.00339936
-26	-1.92	-0.00747831
-26	-1.81	-0.004174
-26	-1.7	0.00753427
-26	-1.59	0.00737921
-26	-1.48	-0.00444578
-26	-1.37	-0.0107396
-26	-1.26	-0.00347592
-26	-1.15	0.00828007
-26	-1.04	0.0121328
-26	-0.93	0.00524253
-26	-0.82	-0.00585958
-26	-0.71	-0.0131585
-26	-0.6	-0.0130441
-26	-0.49	-0.00690065
-26	-0.38	0.00157318
-26	-0.27	0.00908554
-26	-0.16	0.0139411
-26	-0.05	0.0159936
-26	0.06	0.0159838
-26	0.17	0.0148674
-26	0.28	0.0134813
-26	0.39	0.0124372
-26	0.5	0.0120783
-26	0.61	0.0124749
-26	0.72	0.0135001
-26	0.83	0.0148507
-26	0.94	0.015973
-26	1.05	0.0160104
-26	1.16	0.0139641
-26	1.27	0.00910949
-26	1.38	0.001591
-26	1.49	-0.00691291
-26	1.6	-0.0130736
-26	1.71	-0.0132007
-26	1.82	-0.00591536
-26	1.93	0.00518644
-26	2.04	0.0120679
-26	2.15	0.00821434
-26	2.26	-0.00355086
-26	2.37	-0.0108213
-26	2.48	-0.00454372
-26	2.59	0.00726816
-26	2.7	0.00741413
-26	2.81	-0.00427862
-26	2.92	-0.00753376
-26	3.03	0.0034309
-26	3.14	0.00651643
-26	3.25	-0.00422113
-26	3.36	-0.0040965
-26	3.47	0.00558575
-26	3.58	2.72257e-05
-26	3.69	-0.00501641
-26	3.8	0.0040916
-26	3.91	0.000601388
-26	4.02	-0.003768
-26	4.13	0.00366423
-26	4.24	-0.00182183
-26	4.35	-0.000445728
-26	4.46	0.00245505
-26	4.57	-0.00336252
-26	4.68	0.00282506
-26	4.79	-0.00158993
-26	4.9	0.00069814
-26	5.01	-0.00047053
-26	5.12	0.000496212
-26	5.23	-0.000304238
-26	5.34	-0.000174985
-26	5.45	0.000670266
-26	5.56	-0.000873542
-26	5.67	0.000653434
-26	5.78	-8.04174e-05
-26	5.89	-0.000657232

-27	-5	5.91119e-49
-27	-4.89	-0.00029847
-27	-4.78	0.000464463
-27	-4.67	-0.000389917
-27	-4.56	2.48933e-05
-27	-4.45	0.000584507
-27	-4.34	-0.00128198
-27	-4.23	0.00185065
-27	-4.12	-0.00213824
-27	-4.01	0.00218429
-27	-3.9	-0.00218969
-27	-3.79	0.00223217
-27	-3.68	-0.00193623
-27	-3.57	0.000625679
-27	-3.46	0.00178308
-27	-3.35	-0.00394224
-27	-3.24	0.0037324
-27	-3.13	-0.000491598
-27	-3.02	-0.00354377
-27	-2.91	0.00471673
-27	-2.8	-0.00125757
-27	-2.69	-0.00418254
-27	-2.58	0.00520084
-27	-2.47	0.00129119
-27	-2.36	-0.00690474
-27	-2.25	0.00109156
-27	-2.14	0.0075863
-27	-2.03	-0.00185468
-27	-1.92	-0.00838967
-27	-1.81	0.000564484
-27	-1.7	0.00933837
-27	-1.59	0.00359043
-27	-1.48	-0.00804432
-27	-1.37	-0.00975032
-27	-1.26	0.000188042
-27	-1.15	0.0104122
-27	-1.04	0.0111032
-27	-0.93	0.00255197
-27	-0.82	-0.00797035
-27	-0.71	-0.0136046
-27	-0.6	-0.0121048
-27	-0.49	-0.00545643
-27	-0.38	0.00277604
-27	-0.27	0.00972674
-27	-0.16	0.0140643
-27	-0.05	0.0157829
-27	0.06	0.0156206
-27	0.17	0.0145024
-27	0.28	0.0131964
-27	0.39	0.0122134
-27	0.5	0.0118447
-27	0.61	0.0121901
-27	0.72	0.0131746
-27	0.83	0.0145081
-27	0.94	0.0156457
-27	1.05	0.0158089
-27	1.16	0.0140969
-27	1.27	0.00977322
-27	1.38	0.0028132
-27	1.49	-0.0054424
-27	1.6	-0.0120931
-27	1.71	-0.0135954
-27	1.82	-0.007975
-27	1.93	0.00255338
-27	2.04	0.0111115
-27	2.15	0.0104319
-27	2.26	0.000242206
-27	2.37	-0.009663
-27	2.48	-0.00791533
-27	2.59	0.00373477
-27	2.7	0.0094573
-27	2.81	0.000594194
-27	2.92	-0.00849049
-27	3.03	-0.00206032
-27	3.14	0.00741133
-27	3.25	0.00111375
-27	3.36	-0.00665763
-27	3.47	0.00151711
-27	3.58	0.00509671
-27	3.69	-0.00452951
-27	3.8	-0.00132336
-27	3.91	0.0051052
-27	4.02	-0.00338124
-27	4.13	-0.000939259
-27	4.24	0.00359252
-27	4.35	-0.00338645
-27	4.46	0.00170518
-27	4.57	3.7837e-05
-27	4.68	-0.00141889
-27	4.79	0.00243996
-27	4.9	-0.00297418
-27	5.01	0.00284725
-27	5.12	-0.00211583
-27	5.23	0.00110423
-27	5.34	-0.000207897
-27	5.45	-0.000307938
-27	5.56	0.000377486
-27	5.67	-8.45927e-05
-27	5.78	-0.000425514
-27	5.89	0.00101165

-28	-5	5.91119e-49
-28	-4.89	9.62614e-05
-28	-4.78	-0.000102165
-28	-4.67	-6.80584e-05
-28	-4.56	0.000480851
-28	-4.45	-0.00115044
-28	-4.34	0.00199285
-28	-4.23	-0.00278598
-28	-4.12	0.00317892
-28	-4.01	-0.00279582
-28	-3.9	0.00144329
-28	-3.79	0.000651946
-28	-3.68	-0.002745
-28	-3.57	0.00378281
-28	-3.46	-0.00293758
-28	-3.35	0.000256231
-28	-3.24	0.00293109
-28	-3.13	-0.00429239
-28	-3.02	0.00197941
-28	-2.91	0.00287863
-28	-2.8	-0.00528506
-28	-2.69	0.00103523
-28	-2.58	0.00560225
-28	-2.47	-0.00424655
-28	-2.36	-0.00486007
-28	-2.25	0.00601684
-28	-2.14	0.00485966
-28	-2.03	-0.00647954
-28	-1.92	-0.00640301
-28	-1.81	0.00511495
-28	-1.7	0.00905135
-28	-1.59	-0.000500251
-28	-1.48	-0.00997381
-28	-1.37	-0.00743442
-28	-1.26	0.00368946
-28	-1.15	0.0116089
-28	-1.04	0.00945849
-28	-0.93	-0.000107834
-28	-0.82	-0.00971093
-28	-0.71	-0.0137385
-28	-0.6	-0.0110889
-28	-0.49	-0.00411005
-28	-0.38	0.00384381
-28	-0.27	0.0102668
-28	-0.16	0.0141227
-28	-0.05	0.0155554
-28	0.06	0.0152968
-28	0.17	0.0141861
-28	0.28	0.0129188
-28	0.39	0.0119731
-28	0.5	0.0116228
-28	0.61	0.0119506
-28	0.72	0.0128805
-28	0.83	0.0141579
-28	0.94	0.0153025
-28	1.05	0.0155961
-28	1.16	0.0141747
-28	1.27	0.0103096
-28	1.38	0.00388705
-28	1.49	-0.00404406
-28	1.6	-0.0110065
-28	1.71	-0.0136642
-28	1.82	-0.00964356
-28	1.93	-4.31732e-05
-28	2.04	0.00948613
-28	2.15	0.0115744
-28	2.26	0.00359769
-28	2.37	-0.007585
-28	2.48	-0.0101363
-28	2.59	-0.000582169
-28	2.7	0.00911311
-28	2.81	0.00532147
-28	2.92	-0.00620366
-28	3.03	-0.00649095
-28	3.14	0.00460258
-28	3.25	0.00579379
-28	3.36	-0.0047185
-28	3.47	-0.00389476
-28	3.58	0.00559143
-28	3.69	0.000617881
-28	3.8	-0.00532746
-28	3.91	0.00336612
-28	4.02	0.00193796
-28	4.13	-0.00483707
-28	4.24	0.00324336
-28	4.35	0.000674573
-28	4.46	-0.00361168
-28	4.57	0.00392932
-28	4.68	-0.00215192
-28	4.79	-0.00019668
-28	4.9	0.00188116
-28	5.01	-0.00248855
-28	5.12	0.00225893
-28	5.23	-0.00166726
-28	5.34	0.00110629
-28	5.45	-0.000772999
-28	5.56	0.000699048
-28	5.67	-0.000827667
-28	5.78	0.00107888
-28	5.89	-0.00138147

-29	-5	5.91119e-49
-29	-4.89	0.000164555
-29	-4.78	-0.000367742
-29	-4.67	0.000636982
-29	-4.56	-0.000973356
-29	-4.45	0.00132837
-29	-4.34	-0.00158331
-29	-4.23	0.0015466
-29	-4.12	-0.0010039
-29	-4.01	-0.000147274
-29	-3.9	0.00169547
-29	-3.79	-0.0029681
-29	-3.68	0.00297856
-29	-3.57	-0.00107351
-29	-3.46	-0.00211253
-29	-3.35	0.0042958
-29	-3.24	-0.00294487
-29	-3.13	-0.00174022
-29	-3.02	0.00529693
-29	-2.91	-0.00277233
-29	-2.8	-0.00398691
-29	-2.69	0.0057738
-29	-2.58	0.00155497
-29	-2.47	-0.00712113
-29	-2.36	6.08755e-05
-29	-2.25	0.00790428
-29	-2.14	1.87824e-05
-29	-2.03	-0.00864756
-29	-1.92	-0.00235909
-29	-1.81	0.00839635
-29	-1.7	0.00690215
-29	-1.59	-0.00449369
-29	-1.48	-0.010703
-29	-1.37	-0.0046645
-29	-1.26	0.00653249
-29	-1.15	0.0119471
-29	-1.04	0.00754768
-29	-0.93	-0.00241623
-29	-0.82	-0.0108918
-29	-0.71	-0.0134342
-29	-0.6	-0.00984925
-29	-0.49	-0.00272158
-29	-0.38	0.00485713
-29	-0.27	0.0107619
-29	-0.16	0.0142001
-29	-0.05	0.0153855
-29	0.06	0.0150226
-29	0.17	0.0138978
-29	0.28	0.0126593
-29	0.39	0.0117487
-29	0.5	0.011415
-29	0.61	0.0117275
-29	0.72	0.0126101
-29	0.83	0.0138276
-29	0.94	0.0149461
-29	1.05	0.0153185
-29	1.16	0.0141479
-29	1.27	0.0107116
-29	1.38	0.00478416
-29	1.49	-0.00283028
-29	1.6	-0.00997729
-29	1.71	-0.0135482
-29	1.82	-0.0109718
-29	1.93	-0.00245462
-29	2.04	0.0075781
-29	2.15	0.0120771
-29	2.26	0.00672058
-29	2.37	-0.00453776
-29	2.48	-0.0107373
-29	2.59	-0.00469154
-29	2.7	0.00668371
-29	2.81	0.00840347
-29	2.92	-0.00208305
-29	3.03	-0.00844184
-29	3.14	-0.000166997
-29	3.25	0.007562
-29	3.36	0.000159024
-29	3.47	-0.00669984
-29	3.58	0.00145895
-29	3.69	0.00530054
-29	3.8	-0.00376043
-29	3.91	-0.00232166
-29	4.02	0.00479577
-29	4.13	-0.00190512
-29	4.24	-0.00225192
-29	4.35	0.00382523
-29	4.46	-0.00237261
-29	4.57	-0.000253155
-29	4.68	0.00220053
-29	4.79	-0.00276315
-29	4.9	0.00221571
-29	5.01	-0.00117894
-29	5.12	0.000154951
-29	5.23	0.000616272
-29	5.34	-0.00110122
-29	5.45	0.00136636
-29	5.56	-0.00149763
-29	5.67	0.00156133
-29	5.78	-0.00159525
-29	5.89	0.00161032

-30	-5	5.91119e-49
-30	-4.89	-0.000213441
-30	-4.78	0.000374228
-30	-4.67	-0.000417286
-30	-4.56	0.000264223
-30	-4.45	0.00015939
-30	-4.34	-0.000876584
-30	-4.23	0.00178096
-30	-4.12	-0.00256181
-30	-4.01	0.00271081
-30	-3.9	-0.00172399
-30	-3.79	-0.00046033
-30	-3.68	0.00298629
-30	-3.57	-0.00410724
-30	-3.46	0.00228258
-30	-3.35	0.00192796
-30	-3.24	-0.00502821
-30	-3.13	0.00314335
-30	-3.02	0.00285634
-30	-2.91	-0.00594549
-30	-2.8	0.000829844
-30	-2.69	0.00625832
-30	-2.58	-0.00358178
-30	-2.47	-0.00592882
-30	-2.36	0.00491009
-30	-2.25	0.00638093
-30	-2.14	-0.00471373
-30	-2.03	-0.00802044
-30	-1.92	0.00222386
-30	-1.81	0.00968021
-30	-1.7	0.00345589
-30	-1.59	-0.00776966
-30	-1.48	-0.0101052
-30	-1.37	-0.00141079
-30	-1.26	0.00898299
-30	-1.15	0.0117443
-30	-1.04	0.00543251
-30	-0.93	-0.00460966
-30	-0.82	-0.0119143
-30	-0.71	-0.0131517
-30	-0.6	-0.00882756
-30	-0.49	-0.00161802
-30	-0.38	0.00563629
-30	-0.27	0.0111053
-30	-0.16	0.0141863
-30	-0.05	0.0151605
-30	0.06	0.0147195
-30	0.17	0.0136022
-30	0.28	0.0124072
-30	0.39	0.0115389
-30	0.5	0.0112257
-30	0.61	0.0115297
-30	0.72	0.0123811
-30	0.83	0.013564
-30	0.94	0.014681
-30	1.05	0.0151389
-30	1.16	0.0142
-30	1.27	0.011168
-30	1.38	0.00574804
-30	1.49	-0.00147599
-30	1.6	-0.00869092
-30	1.71	-0.013063
-30	1.82	-0.0119098
-30	1.93	-0.00470551
-30	2.04	0.00526107
-30	2.15	0.0115869
-30	2.26	0.00897408
-30	2.37	-0.00121478
-30	2.48	-0.00986833
-30	2.59	-0.00778318
-30	2.7	0.00315894
-30	2.81	0.00949698
-30	2.92	0.00246826
-30	3.03	-0.00771081
-30	3.14	-0.00490822
-30	3.25	0.00599741
-30	3.36	0.00513961
-30	3.47	-0.00552323
-30	3.58	-0.0039738
-30	3.69	0.00597829
-30	3.8	0.00143682
-30	3.91	-0.0060735
-30	4.02	0.00229415
-30	4.13	0.00382963
-30	4.24	-0.00516008
-30	4.35	0.00134
-30	4.46	0.00319366
-30	4.57	-0.00475904
-30	4.68	0.00299684
-30	4.79	0.000204113
-30	4.9	-0.0028281
-30	5.01	0.00392042
-30	5.12	-0.00358644
-30	5.23	0.00244175
-30	5.34	-0.00110928
-30	5.45	-1.65713e-05
-30	5.56	0.000783254
-30	5.67	-0.00119582
-30	5.78	0.00132402
-30	5.89	-0.00124144

