-15	-5.69181e-29
-14.9914	-5.14754e-28
-14.9829	-9.92603e-28
-14.9743	-1.47678e-27
-14.9657	-1.95229e-27
-14.9571	-2.40324e-27
-14.9486	-2.81325e-27
-14.94	-3.16593e-27
-14.9314	-3.44545e-27
-14.9229	-3.63702e-27
-14.9143	-3.72751e-27
-14.9057	-3.70598e-27
-14.8971	-3.56419e-27
-14.8886	-3.29708e-27
-14.88	-2.90322e-27
-14.8714	-2.38511e-27
-14.8629	-1.74941e-27
-14.8543	-1.00711e-27
-14.8457	-1.73444e-28
-14.8371	7.32199e-28
-14.8286	1.68658e-27
-14.82	2.66306e-27
-14.8114	3.63216e-27
-14.8029	4.56228e-27
-14.7943	5.42058e-27
-14.7857	6.17388e-27
-14.7771	6.7897e-27
-14.7686	7.2374e-27
-14.76	7.48927e-27
-14.7514	7.52163e-27
-14.7429	7.31596e-27
-14.7343	6.85988e-27
-14.7257	6.14803e-27
-14.7171	5.18278e-27
-14.7086	3.97484e-27
-14.7	2.5435e-27
-14.6914	9.16744e-28
-14.6829	-8.68957e-28
-14.6743	-2.76915e-27
-14.6657	-4.73216e-27
-14.6571	-6.70022e-27
-14.6486	-8.61076e-27
-14.64	-1.03981e-26
-14.6314	-1.19952e-26
-14.6229	-1.33359e-26
-14.6143	-1.43568e-26
-14.6057	-1.49998e-26
-14.5971	-1.52142e-26
-14.5886	-1.49591e-26
-14.58	-1.4205e-26
-14.5714	-1.29365e-26
-14.5629	-1.11532e-26
-14.5543	-8.87088e-27
-14.5457	-6.123e-27
-14.5371	-2.96029e-27
-14.5286	5.4911e-28
-14.52	4.32058e-27
-14.5114	8.25436e-27
-14.5029	1.22375e-26
-14.4943	1.61466e-26
-14.4857	1.98507e-26
-14.4771	2.32149e-26
-14.4686	2.61046e-26
-14.46	2.83895e-26
-14.4514	2.99483e-26
-14.4429	3.06733e-26
-14.4343	3.04749e-26
-14.4257	2.92859e-26
-14.4171	2.70652e-26
-14.4086	2.38019e-26
-14.4	1.95172e-26
-14.3914	1.42667e-26
-14.3829	8.14152e-27
-14.3743	1.26783e-27
-14.3657	-6.19411e-27
-14.3571	-1.40525e-26
-14.3486	-2.20875e-26
-14.34	-3.00562e-26
-14.3314	-3.76984e-26
-14.3229	-4.47437e-26
-14.3143	-5.0919e-26
-14.3057	-5.59575e-26
-14.2971	-5.96076e-26
-14.2886	-6.16417e-26
-14.28	-6.18661e-26
-14.2714	-6.01293e-26
-14.2629	-5.63308e-26
-14.2543	-5.04276e-26
-14.2457	-4.2441e-26
-14.2371	-3.24603e-26
-14.2286	-2.06461e-26
-14.22	-7.23004e-27
-14.2114	7.48629e-27
-14.2029	2.31357e-26
-14.1943	3.92921e-26
-14.1857	5.54789e-26
-14.1771	7.11808e-26
-14.1686	8.58568e-26
-14.16	9.89558e-26
-14.1514	1.09933e-25
-14.1429	1.18269e-25
-14.1343	1.23485e-25
-14.1257	1.25167e-25
-14.1171	1.22979e-25
-14.1086	1.16683e-25
-14.1	1.06152e-25
-14.0914	9.13873e-26
-14.0829	7.25223e-26
-14.0743	4.98344e-26
-14.0657	2.37445e-26
-14.0571	-5.18373e-27
-14.0486	-3.62512e-26
-14.04	-6.86345e-26
-14.0314	-1.01403e-25
-14.0229	-1.33538e-25
-14.0143	-1.63962e-25
-14.0057	-1.91566e-25
-13.9971	-2.15241e-25
-13.9886	-2.33918e-25
-13.98	-2.466e-25
-13.9714	-2.52404e-25
-13.9629	-2.50596e-25
-13.9543	-2.40629e-25
-13.9457	-2.22169e-25
-13.9371	-1.95133e-25
-13.9286	-1.59699e-25
-13.92	-1.16334e-25
-13.9114	-6.57927e-26
-13.9029	-9.11921e-27
-13.8943	5.23618e-26
-13.8857	1.17067e-25
-13.8771	1.83182e-25
-13.8686	2.48707e-25
-13.86	3.11496e-25
-13.8514	3.69324e-25
-13.8429	4.19946e-25
-13.8343	4.61169e-25
-13.8257	4.90923e-25
-13.8171	5.07345e-25
-13.8086	5.08846e-25
-13.8	4.9419e-25
-13.7914	4.62557e-25
-13.7829	4.13607e-25
-13.7743	3.47527e-25
-13.7657	2.65064e-25
-13.7571	1.67551e-25
-13.7486	5.69093e-26
-13.74	-6.43692e-26
-13.7314	-1.93252e-25
-13.7229	-3.26223e-25
-13.7143	-4.59353e-25
-13.7057	-5.88397e-25
-13.6971	-7.08902e-25
-13.6886	-8.16332e-25
-13.68	-9.06209e-25
-13.6714	-9.74259e-25
-13.6629	-1.01657e-24
-13.6543	-1.02973e-24
-13.6457	-1.011e-24
-13.6371	-9.58433e-25
-13.6286	-8.71022e-25
-13.62	-7.48784e-25
-13.6114	-5.92854e-25
-13.6029	-4.05535e-25
-13.5943	-1.90318e-25
-13.5857	4.81363e-26
-13.5771	3.04051e-25
-13.5686	5.7063e-25
-13.56	8.40197e-25
-13.5514	1.10437e-24
-13.5429	1.35426e-24
-13.5343	1.58074e-24
-13.5257	1.77471e-24
-13.5171	1.92736e-24
-13.5086	2.03051e-24
-13.5	2.07694e-24
-13.4914	2.06063e-24
-13.4829	1.9771e-24
-13.4743	1.82367e-24
-13.4657	1.59968e-24
-13.4571	1.30667e-24
-13.4486	9.48515e-25
-13.44	5.31481e-25
-13.4314	6.42162e-26
-13.4229	-4.42335e-25
-13.4143	-9.75099e-25
-13.4057	-1.51912e-24
-13.3971	-2.0579e-24
-13.3886	-2.57378e-24
-13.38	-3.04843e-24
-13.3714	-3.46339e-24
-13.3629	-3.80062e-24
-13.3543	-4.04315e-24
-13.3457	-4.17567e-24
-13.3371	-4.18517e-24
-13.3286	-4.06156e-24
-13.32	-3.79818e-24
-13.3114	-3.39231e-24
-13.3029	-2.84558e-24
-13.2943	-2.16427e-24
-13.2857	-1.35943e-24
-13.2771	-4.46987e-25
-13.2686	5.52464e-25
-13.26	1.61388e-24
-13.2514	2.70824e-24
-13.2429	3.80317e-24
-13.2343	4.86369e-24
-13.2257	5.85313e-24
-13.2171	6.73418e-24
-13.2086	7.47001e-24
-13.2	8.02552e-24
-13.1914	8.36857e-24
-13.1829	8.47125e-24
-13.1743	8.31114e-24
-13.1657	7.87241e-24
-13.1571	7.14689e-24
-13.1486	6.13495e-24
-13.14	4.84613e-24
-13.1314	3.29959e-24
-13.1229	1.52428e-24
-13.1143	-4.41255e-25
-13.1057	-2.54929e-24
-13.0971	-4.74374e-24
-13.0886	-6.9613e-24
-13.08	-9.13288e-24
-13.0714	-1.11853e-23
-13.0629	-1.30435e-23
-13.0543	-1.46326e-23
-13.0457	-1.58801e-23
-13.0371	-1.67191e-23
-13.0286	-1.70902e-23
-13.02	-1.69441e-23
-13.0114	-1.62443e-23
-13.0029	-1.49692e-23
-12.9943	-1.31136e-23
-12.9857	-1.06907e-23
-12.9771	-7.73271e-24
-12.9686	-4.2917e-24
-12.96	-4.39229e-25
-12.9514	3.73426e-24
-12.9429	8.12084e-24
-12.9343	1.25972e-23
-12.9257	1.70272e-23
-12.9171	2.12656e-23
-12.9086	2.51614e-23
-12.9	2.85628e-23
-12.8914	3.13215e-23
-12.8829	3.32981e-23
-12.8743	3.4367e-23
-12.8657	3.44218e-23
-12.8571	3.33799e-23
-12.8486	3.11871e-23
-12.84	2.7822e-23
-12.8314	2.32988e-23
-12.8229	1.76699e-23
-12.8143	1.10272e-23
-12.8057	3.50254e-24
-12.7971	-4.73377e-24
-12.7886	-1.34749e-23
-12.78	-2.24815e-23
-12.7714	-3.14867e-23
-12.7629	-4.02021e-23
-12.7543	-4.8326e-23
-12.7457	-5.55513e-23
-12.7371	-6.15754e-23
-12.7286	-6.61097e-23
-12.72	-6.88907e-23
-12.7114	-6.96894e-23
-12.7029	-6.83226e-23
-12.6943	-6.46614e-23
-12.6857	-5.864e-23
-12.6771	-5.0263e-23
-12.6686	-3.96107e-23
-12.66	-2.68425e-23
-12.6514	-1.21983e-23
-12.6429	4.00296e-24
-12.6343	2.13671e-23
-12.6257	3.94313e-23
-12.6171	5.76735e-23
-12.6086	7.55245e-23
-12.6	9.23818e-23
-12.5914	1.07627e-22
-12.5829	1.20645e-22
-12.5743	1.3084e-22
-12.5657	1.37662e-22
-12.5571	1.40625e-22
-12.5486	1.39325e-22
-12.54	1.33464e-22
-12.5314	1.22868e-22
-12.5229	1.07497e-22
-12.5143	8.74619e-23
-12.5057	6.30331e-23
-12.4971	3.46414e-23
-12.4886	2.87937e-24
-12.48	-3.15056e-23
-12.4714	-6.76226e-23
-12.4629	-1.04454e-22
-12.4543	-1.40879e-22
-12.4457	-1.757e-22
-12.4371	-2.07675e-22
-12.4286	-2.35555e-22
-12.42	-2.58121e-22
-12.4114	-2.74229e-22
-12.4029	-2.82847e-22
-12.3943	-2.83105e-22
-12.3857	-2.74327e-22
-12.3771	-2.56074e-22
-12.3686	-2.28176e-22
-12.36	-1.90755e-22
-12.3514	-1.44251e-22
-12.3429	-8.94271e-23
-12.3343	-2.73742e-23
-12.3257	4.04989e-23
-12.3171	1.12485e-22
-12.3086	1.86608e-22
-12.3	2.60668e-22
-12.2914	3.32291e-22
-12.2829	3.98992e-22
-12.2743	4.58244e-22
-12.2657	5.07559e-22
-12.2571	5.44567e-22
-12.2486	5.67105e-22
-12.24	5.73297e-22
-12.2314	5.61644e-22
-12.2229	5.31096e-22
-12.2143	4.81125e-22
-12.2057	4.11783e-22
-12.1971	3.23742e-22
-12.1886	2.18331e-22
-12.18	9.75359e-23
-12.1714	-3.60039e-23
-12.1629	-1.79033e-22
-12.1543	-3.27731e-22
-12.1457	-4.77794e-22
-12.1371	-6.2453e-22
-12.1286	-7.62981e-22
-12.12	-8.88056e-22
-12.1114	-9.94691e-22
-12.1029	-1.078e-21
-12.0943	-1.13347e-21
-12.0857	-1.1571e-21
-12.0771	-1.1456e-21
-12.0686	-1.09653e-21
-12.06	-1.00848e-21
-12.0514	-8.81157e-22
-12.0429	-7.15499e-22
-12.0343	-5.13754e-22
-12.0257	-2.79499e-22
-12.0171	-1.76376e-23
-12.0086	2.65653e-22
-12	5.63018e-22
-11.9914	8.66068e-22
-11.9829	1.16556e-21
-11.9743	1.45163e-21
-11.9657	1.71406e-21
-11.9571	1.94257e-21
-11.9486	2.12715e-21
-11.94	2.2584e-21
-11.9314	2.32785e-21
-11.9229	2.32838e-21
-11.9143	2.25447e-21
-11.9057	2.10255e-21
-11.8971	1.87127e-21
-11.8886	1.5617e-21
-11.88	1.17751e-21
-11.8714	7.25042e-22
-11.8629	2.13326e-22
-11.8543	-3.45987e-22
-11.8457	-9.388e-22
-11.8371	-1.54882e-21
-11.8286	-2.1579e-21
-11.82	-2.74648e-21
-11.8114	-3.29411e-21
-11.8029	-3.78e-21
-11.7943	-4.18369e-21
-11.7857	-4.48571e-21
-11.7771	-4.66831e-21
-11.7686	-4.71613e-21
-11.76	-4.61689e-21
-11.7514	-4.36207e-21
-11.7429	-3.9474e-21
-11.7343	-3.37342e-21
-11.7257	-2.64579e-21
-11.7171	-1.77556e-21
-11.7086	-7.79179e-22
-11.7	3.21513e-22
-11.6914	1.49962e-21
-11.6829	2.72364e-21
-11.6743	3.95806e-21
-11.6657	5.16422e-21
-11.6571	6.3013e-21
-11.6486	7.32741e-21
-11.64	8.2009e-21
-11.6314	8.88164e-21
-11.6229	9.33252e-21
-11.6143	9.5208e-21
-11.6057	9.41952e-21
-11.5971	9.00885e-21
-11.5886	8.27729e-21
-11.58	7.22265e-21
-11.5714	5.85294e-21
-11.5629	4.18686e-21
-11.5543	2.2541e-21
-11.5457	9.52348e-23
-11.5371	-2.2387e-21
-11.5286	-4.68699e-21
-11.52	-7.18044e-21
-11.5114	-9.64287e-21
-11.5029	-1.1993e-20
-11.4943	-1.41469e-20
-11.4857	-1.60197e-20
-11.4771	-1.75294e-20
-11.4686	-1.85986e-20
-11.46	-1.91581e-20
-11.4514	-1.91493e-20
-11.4429	-1.85273e-20
-11.4343	-1.7263e-20
-11.4257	-1.53458e-20
-11.4171	-1.2785e-20
-11.4086	-9.61109e-21
-11.4	-5.87686e-21
-11.3914	-1.65709e-21
-11.3829	2.95191e-21
-11.3743	7.83374e-21
-11.3657	1.2854e-20
-11.3571	1.7863e-20
-11.3486	2.26998e-20
-11.34	2.71958e-20
-11.3314	3.11802e-20
-11.3229	3.44846e-20
-11.3143	3.69492e-20
-11.3057	3.84282e-20
-11.2971	3.87958e-20
-11.2886	3.79517e-20
-11.28	3.58263e-20
-11.2714	3.23856e-20
-11.2629	2.76347e-20
-11.2543	2.16213e-20
-11.2457	1.44371e-20
-11.2371	6.21861e-21
-11.2286	-2.85363e-21
-11.22	-1.25575e-20
-11.2114	-2.26328e-20
-11.2029	-3.2787e-20
-11.1943	-4.27015e-20
-11.1857	-5.204e-20
-11.1771	-6.04579e-20
-11.1686	-6.76126e-20
-11.16	-7.31746e-20
-11.1514	-7.6839e-20
-11.1429	-7.83374e-20
-11.1343	-7.74494e-20
-11.1257	-7.40131e-20
-11.1171	-6.79355e-20
-11.1086	-5.92004e-20
-11.1	-4.78756e-20
-11.0914	-3.41169e-20
-11.0829	-1.81706e-20
-11.0743	-3.72489e-22
-11.0657	1.88557e-20
-11.0571	3.90129e-20
-11.0486	5.95283e-20
-11.04	7.97741e-20
-11.0314	9.90812e-20
-11.0229	1.16757e-19
-11.0143	1.32107e-19
-11.0057	1.44454e-19
-10.9971	1.53164e-19
-10.9886	1.57668e-19
-10.98	1.57488e-19
-10.9714	1.52255e-19
-10.9629	1.41735e-19
-10.9543	1.25844e-19
-10.9457	1.0466e-19
-10.9371	7.84403e-20
-10.9286	4.76224e-20
-10.92	1.28255e-20
-10.9114	-2.51542e-20
-10.9029	-6.53556e-20
-10.8943	-1.0667e-19
-10.8857	-1.47863e-19
-10.8771	-1.8761e-19
-10.8686	-2.24521e-19
-10.86	-2.57192e-19
-10.8514	-2.84239e-19
-10.8429	-3.04349e-19
-10.8343	-3.16325e-19
-10.8257	-3.19137e-19
-10.8171	-3.11965e-19
-10.8086	-2.94241e-19
-10.8	-2.65693e-19
-10.7914	-2.26371e-19
-10.7829	-1.76675e-19
-10.7743	-1.17368e-19
-10.7657	-4.95799e-20
-10.7571	2.51951e-20
-10.7486	1.05122e-19
-10.74	1.88055e-19
-10.7314	2.71581e-19
-10.7229	3.53075e-19
-10.7143	4.29768e-19
-10.7057	4.98824e-19
-10.6971	5.57426e-19
-10.6886	6.02866e-19
-10.68	6.32642e-19
-10.6714	6.44554e-19
-10.6629	6.36796e-19
-10.6543	6.0805e-19
-10.6457	5.57563e-19
-10.6371	4.85218e-19
-10.6286	3.91587e-19
-10.62	2.77969e-19
-10.6114	1.46406e-19
-10.6029	-3.22835e-22
-10.5943	-1.58733e-19
-10.5857	-3.24688e-19
-10.5771	-4.9348e-19
-10.5686	-6.59936e-19
-10.56	-8.18545e-19
-10.5514	-9.63607e-19
-10.5429	-1.0894e-18
-10.5343	-1.19038e-18
-10.5257	-1.26132e-18
-10.5171	-1.29756e-18
-10.5086	-1.29519e-18
-10.5	-1.25119e-18
-10.4914	-1.16367e-18
-10.4829	-1.03195e-18
-10.4743	-8.56721e-19
-10.4657	-6.40126e-19
-10.4571	-3.85796e-19
-10.4486	-9.88603e-20
-10.44	2.14101e-19
-10.4314	5.45151e-19
-10.4229	8.8514e-19
-10.4143	1.22391e-18
-10.4057	1.55051e-18
-10.3971	1.85355e-18
-10.3886	2.12144e-18
-10.38	2.34281e-18
-10.3714	2.50687e-18
-10.3629	2.60382e-18
-10.3543	2.62521e-18
-10.3457	2.56432e-18
-10.3371	2.41655e-18
-10.3286	2.1797e-18
-10.32	1.85426e-18
-10.3114	1.44357e-18
-10.3029	9.53979e-19
-10.2943	3.94861e-19
-10.2857	-2.21438e-19
-10.2771	-8.79762e-19
-10.2686	-1.5624e-18
-10.26	-2.24945e-18
-10.2514	-2.91929e-18
-10.2429	-3.54912e-18
-10.2343	-4.1156e-18
-10.2257	-4.59557e-18
-10.2171	-4.96678e-18
-10.2086	-5.20869e-18
-10.2	-5.30325e-18
-10.1914	-5.23571e-18
-10.1829	-4.9953e-18
-10.1743	-4.57595e-18
-10.1657	-3.9768e-18
-10.1571	-3.2027e-18
-10.1486	-2.26448e-18
-10.14	-1.17905e-18
-10.1314	3.05719e-20
-10.1229	1.3356e-18
-10.1143	2.7019e-18
-10.1057	4.09063e-18
-10.0971	5.45916e-18
-10.0886	6.76211e-18
-10.08	7.95257e-18
-10.0714	8.98349e-18
-10.0629	9.8092e-18
-10.0543	1.03869e-17
-10.0457	1.06784e-17
-10.0371	1.06515e-17
-10.0286	1.02818e-17
-10.02	9.55368e-18
-10.0114	8.46196e-18
-10.0029	7.01257e-18
-9.99429	5.22336e-18
-9.98571	3.1245e-18
-9.97714	7.58461e-19
-9.96857	-1.82037e-18
-9.96	-4.54646e-18
-9.95143	-7.34432e-18
-9.94286	-1.01302e-17
-9.93429	-1.2814e-17
-9.92571	-1.53017e-17
-9.91714	-1.74982e-17
-9.90857	-1.931e-17
-9.9	-2.06484e-17
-9.89143	-2.1433e-17
-9.88286	-2.15945e-17
-9.87429	-2.10781e-17
-9.86571	-1.98462e-17
-9.85714	-1.78814e-17
-9.84857	-1.5188e-17
-9.84	-1.17942e-17
-9.83143	-7.75263e-18
-9.82286	-3.14107e-18
-9.81429	1.93843e-18
-9.80571	7.36065e-18
-9.79714	1.29795e-17
-9.78857	1.86308e-17
-9.78	2.41365e-17
-9.77143	2.93087e-17
-9.76286	3.39556e-17
-9.75429	3.78865e-17
-9.74571	4.09188e-17
-9.73714	4.28837e-17
-9.72857	4.36334e-17
-9.72	4.3047e-17
-9.71143	4.1037e-17
-9.70286	3.75541e-17
-9.69429	3.25923e-17
-9.68571	2.61926e-17
-9.67714	1.84452e-17
-9.66857	9.49035e-18
-9.66	-4.81576e-19
-9.65143	-1.12327e-17
-9.64286	-2.24811e-17
-9.63429	-3.39067e-17
-9.62571	-4.5158e-17
-9.61714	-5.58613e-17
-9.60857	-6.56306e-17
-9.6	-7.40789e-17
-9.59143	-8.08306e-17
-9.58286	-8.55347e-17
-9.57429	-8.78775e-17
-9.56571	-8.75959e-17
-9.55714	-8.44898e-17
-9.54857	-7.84336e-17
-9.54	-6.93858e-17
-9.53143	-5.73975e-17
-9.52286	-4.26179e-17
-9.51429	-2.52974e-17
-9.50571	-5.78763e-18
-9.49714	1.54619e-17
-9.48857	3.791e-17
-9.48	6.0934e-17
-9.47143	8.38435e-17
-9.46286	1.05896e-16
-9.45429	1.26319e-16
-9.44571	1.44328e-16
-9.43714	1.59155e-16
-9.42857	1.70073e-16
-9.42	1.7642e-16
-9.41143	1.7763e-16
-9.40286	1.73253e-16
-9.39429	1.62986e-16
-9.38571	1.46688e-16
-9.37714	1.24398e-16
-9.36857	9.63528e-17
-9.36	6.29908e-17
-9.35143	2.49556e-17
-9.34286	-1.69086e-17
-9.33429	-6.15677e-17
-9.32571	-1.07816e-16
-9.31714	-1.543e-16
-9.30857	-1.99552e-16
-9.3	-2.42027e-16
-9.29143	-2.80144e-16
-9.28286	-3.12337e-16
-9.27429	-3.37104e-16
-9.26571	-3.53061e-16
-9.25714	-3.58995e-16
-9.24857	-3.53919e-16
-9.24	-3.37117e-16
-9.23143	-3.08192e-16
-9.22286	-2.67104e-16
-9.21429	-2.14198e-16
-9.20571	-1.50224e-16
-9.19714	-7.63475e-17
-9.18857	5.85787e-18
-9.18	9.4426e-17
-9.17143	1.87031e-16
-9.16286	2.81031e-16
-9.15429	3.73532e-16
-9.14571	4.61455e-16
-9.13714	5.41623e-16
-9.12857	6.10852e-16
-9.12	6.66058e-16
-9.11143	7.04356e-16
-9.10286	7.23174e-16
-9.09429	7.20359e-16
-9.08571	6.94276e-16
-9.07714	6.43907e-16
-9.06857	5.68926e-16
-9.06	4.69772e-16
-9.05143	3.47689e-16
-9.04286	2.04758e-16
-9.03429	4.38871e-17
-9.02571	-1.31206e-16
-9.01714	-3.16053e-16
-9.00857	-5.05519e-16
-9	-6.9391e-16
-8.99143	-8.75116e-16
-8.98286	-1.04277e-15
-8.97429	-1.19042e-15
-8.96571	-1.31176e-15
-8.95714	-1.4008e-15
-8.94857	-1.45214e-15
-8.94	-1.46111e-15
-8.93143	-1.42405e-15
-8.92286	-1.33849e-15
-8.91429	-1.2033e-15
-8.90571	-1.01884e-15
-8.89714	-7.87096e-16
-8.88857	-5.11706e-16
-8.88	-1.98005e-16
-8.87143	1.47026e-16
-8.86286	5.14846e-16
-8.85429	8.95505e-16
-8.84571	1.27785e-15
-8.83714	1.64978e-15
-8.82857	1.99858e-15
-8.82	2.31123e-15
-8.81143	2.57487e-15
-8.80286	2.77715e-15
-8.79429	2.9067e-15
-8.78571	2.9536e-15
-8.77714	2.90976e-15
-8.76857	2.76934e-15
-8.76	2.52915e-15
-8.75143	2.18892e-15
-8.74286	1.75155e-15
-8.73429	1.22331e-15
-8.72571	6.13847e-16
-8.71714	-6.38172e-17
-8.70857	-7.93436e-16
-8.7	-1.55581e-15
-8.69143	-2.32916e-15
-8.68286	-3.08963e-15
-8.67429	-3.81186e-15
-8.66571	-4.4697e-15
-8.65714	-5.03699e-15
-8.64857	-5.48834e-15
-8.64	-5.8001e-15
-8.63143	-5.95116e-15
-8.62286	-5.92389e-15
-8.61429	-5.70496e-15
-8.60571	-5.28608e-15
-8.59714	-4.66474e-15
-8.58857	-3.84467e-15
-8.58	-2.83627e-15
-8.57143	-1.65679e-15
-8.56286	-3.30332e-16
-8.55429	1.11238e-15
-8.54571	2.63447e-15
-8.53714	4.19357e-15
-8.52857	5.74275e-15
-8.52	7.23167e-15
-8.51143	8.6079e-15
-8.50286	9.81843e-15
-8.49429	1.08113e-14
-8.48571	1.15375e-14
-8.47714	1.19525e-14
-8.46857	1.20182e-14
-8.46	1.17047e-14
-8.45143	1.09918e-14
-8.44286	9.87053e-15
-8.43429	8.34413e-15
-8.42571	6.4292e-15
-8.41714	4.15602e-15
-8.40857	1.56876e-15
-8.4	-1.27483e-15
-8.39143	-4.30422e-15
-8.38286	-7.4373e-15
-8.37429	-1.05821e-14
-8.36571	-1.3639e-14
-8.35714	-1.65032e-14
-8.34857	-1.90677e-14
-8.34	-2.12266e-14
-8.33143	-2.28785e-14
-8.32286	-2.39302e-14
-8.31429	-2.43002e-14
-8.30571	-2.39223e-14
-8.29714	-2.27491e-14
-8.28857	-2.07547e-14
-8.28	-1.79375e-14
-8.27143	-1.43221e-14
-8.26286	-9.96035e-15
-8.25429	-4.93248e-15
-8.24571	6.53783e-16
-8.23714	6.66425e-15
-8.22857	1.29405e-14
-8.22	1.93028e-14
-8.21143	2.55547e-14
-8.20286	3.14872e-14
-8.19429	3.68852e-14
-8.18571	4.15335e-14
-8.17714	4.52235e-14
-8.16857	4.77609e-14
-8.16	4.89727e-14
-8.15143	4.87145e-14
-8.14286	4.68775e-14
-8.13429	4.33945e-14
-8.12571	3.82458e-14
-8.11714	3.14635e-14
-8.10857	2.31344e-14
-8.1	1.34015e-14
-8.09143	2.46437e-15
-8.08286	-9.42304e-15
-8.07429	-2.19562e-14
-8.06571	-3.47857e-14
-8.05714	-4.75247e-14
-8.04857	-5.97585e-14
-8.04	-7.10555e-14
-8.03143	-8.09798e-14
-8.02286	-8.91044e-14
-8.01429	-9.5026e-14
-8.00571	-9.83798e-14
-7.99714	-9.88537e-14
-7.98857	-9.62033e-14
-7.98	-9.02643e-14
-7.97143	-8.09646e-14
-7.96286	-6.8334e-14
-7.95429	-5.25111e-14
-7.94571	-3.37477e-14
-7.93714	-1.24097e-14
-7.92857	1.10255e-14
-7.92	3.59754e-14
-7.91143	6.17625e-14
-7.90286	8.76286e-14
-7.89429	1.12753e-13
-7.88571	1.36272e-13
-7.87714	1.57306e-13
-7.86857	1.74984e-13
-7.86	1.88473e-13
-7.85143	1.97008e-13
-7.84286	1.99922e-13
-7.83429	1.96672e-13
-7.82571	1.86872e-13
-7.81714	1.70313e-13
-7.80857	1.46987e-13
-7.8	1.17101e-13
-7.79143	8.10867e-14
-7.78286	3.96095e-14
-7.77429	-6.43973e-15
-7.76571	-5.59522e-14
-7.75714	-1.0762e-13
-7.74857	-1.59962e-13
-7.74	-2.11358e-13
-7.73143	-2.60088e-13
-7.72286	-3.04381e-13
-7.71429	-3.42467e-13
-7.70571	-3.72632e-13
-7.69714	-3.93282e-13
-7.68857	-4.02996e-13
-7.68	-4.00592e-13
-7.67143	-3.85183e-13
-7.66286	-3.56225e-13
-7.65429	-3.13565e-13
-7.64571	-2.57474e-13
-7.63714	-1.88679e-13
-7.62857	-1.08366e-13
-7.62	-1.81867e-14
-7.61143	7.97594e-14
-7.60286	1.82959e-13
-7.59429	2.88528e-13
-7.58571	3.9328e-13
-7.57714	4.93798e-13
-7.56857	5.8653e-13
-7.56	6.67888e-13
-7.55143	7.34364e-13
-7.54286	7.82646e-13
-7.53429	8.0974e-13
-7.52571	8.1309e-13
-7.51714	7.90698e-13
-7.50857	7.41228e-13
-7.5	6.64106e-13
-7.49143	5.59595e-13
-7.48286	4.28855e-13
-7.47429	2.7398e-13
-7.46571	9.80008e-14
-7.45714	-9.51359e-14
-7.44857	-3.00619e-13
-7.44	-5.12858e-13
-7.43143	-7.25603e-13
-7.42286	-9.32089e-13
-7.41429	-1.12521e-12
-7.40571	-1.29773e-12
-7.39714	-1.44248e-12
-7.38857	-1.55262e-12
-7.38	-1.62187e-12
-7.37143	-1.64476e-12
-7.36286	-1.61686e-12
-7.35429	-1.53502e-12
-7.34571	-1.39755e-12
-7.33714	-1.20442e-12
-7.32857	-9.57381e-13
-7.32	-6.60027e-13
-7.31143	-3.17868e-13
-7.30286	6.17235e-14
-7.29429	4.69586e-13
-7.28571	8.94927e-13
-7.27714	1.32553e-12
-7.26857	1.74804e-12
-7.26	2.14831e-12
-7.25143	2.51174e-12
-7.24286	2.82379e-12
-7.23429	3.07037e-12
-7.22571	3.23838e-12
-7.21714	3.31619e-12
-7.20857	3.29412e-12
-7.2	3.16492e-12
-7.19143	2.92418e-12
-7.18286	2.57072e-12
-7.17429	2.10687e-12
-7.16571	1.53865e-12
-7.15714	8.75948e-13
-7.14857	1.32415e-13
-7.14	-6.74598e-13
-7.13143	-1.52434e-12
-7.12286	-2.39302e-12
-7.11429	-3.25437e-12
-7.10571	-4.08025e-12
-7.09714	-4.84142e-12
-7.08857	-5.50837e-12
-7.08	-6.05226e-12
-7.07143	-6.44588e-12
-7.06286	-6.66468e-12
-7.05429	-6.68771e-12
-7.04571	-6.49865e-12
-7.03714	-6.08665e-12
-7.02857	-5.44711e-12
-7.02	-4.58237e-12
-7.01143	-3.50215e-12
-7.00286	-2.22382e-12
-6.99429	-7.72503e-13
-6.98571	8.1917e-13
-6.97714	2.51146e-12
-6.96857	4.25826e-12
-6.96	6.00803e-12
-6.95143	7.70504e-12
-6.94286	9.29079e-12
-6.93429	1.07057e-11
-6.92571	1.18909e-11
-6.91714	1.27901e-11
-6.90857	1.33519e-11
-6.9	1.35313e-11
-6.89143	1.32922e-11
-6.88286	1.26089e-11
-6.87429	1.14677e-11
-6.86571	9.86877e-12
-6.85714	7.82676e-12
-6.84857	5.37167e-12
-6.84	2.54913e-12
-6.83143	-5.79852e-13
-6.82286	-3.93961e-12
-6.81429	-7.44105e-12
-6.80571	-1.09835e-11
-6.79714	-1.44568e-11
-6.78857	-1.77444e-11
-6.78	-2.07264e-11
-6.77143	-2.3283e-11
-6.76286	-2.52985e-11
-6.75429	-2.66653e-11
-6.74571	-2.72881e-11
-6.73714	-2.70876e-11
-6.72857	-2.60046e-11
-6.72	-2.40035e-11
-6.71143	-2.10751e-11
-6.70286	-1.72392e-11
-6.69429	-1.25462e-11
-6.68571	-7.07794e-12
-6.67714	-9.47553e-13
-6.66857	5.70162e-12
-6.66	1.26982e-11
-6.65143	1.98461e-11
-6.64286	2.69287e-11
-6.63429	3.37142e-11
-6.62571	3.9962e-11
-6.61714	4.54292e-11
-6.60857	4.98789e-11
-6.6	5.30876e-11
-6.59143	5.48537e-11
-6.58286	5.50059e-11
-6.57429	5.34107e-11
-6.56571	4.99799e-11
-6.55714	4.46769e-11
-6.54857	3.75222e-11
-6.54	2.85971e-11
-6.53143	1.80461e-11
-6.52286	6.07715e-12
-6.51429	-7.03991e-12
-6.50571	-2.09769e-11
-6.49714	-3.53535e-11
-6.48857	-4.97446e-11
-6.48	-6.36912e-11
-6.47143	-7.67117e-11
-6.46286	-8.83158e-11
-6.45429	-9.80194e-11
-6.44571	-1.05361e-10
-6.43714	-1.09917e-10
-6.42857	-1.1132e-10
-6.42	-1.09273e-10
-6.41143	-1.03569e-10
-6.40286	-9.40963e-11
-6.39429	-8.08592e-11
-6.38571	-6.39809e-11
-6.37714	-4.3711e-11
-6.36857	-2.04277e-11
-6.36	5.36418e-12
-6.35143	3.30396e-11
-6.34286	6.18634e-11
-6.33429	9.10049e-11
-6.32571	1.19557e-10
-6.31714	1.4656e-10
-6.30857	1.71027e-10
-6.3	1.91972e-10
-6.29143	2.08445e-10
-6.28286	2.19563e-10
-6.27429	2.24543e-10
-6.26571	2.22737e-10
-6.25714	2.13663e-10
-6.24857	1.9703e-10
-6.24	1.7277e-10
-6.23143	1.4105e-10
-6.22286	1.02291e-10
-6.21429	5.71705e-11
-6.20571	6.62656e-12
-6.19714	-4.81568e-11
-6.18857	-1.05765e-10
-6.18	-1.6458e-10
-6.17143	-2.22817e-10
-6.16286	-2.78566e-10
-6.15429	-3.29847e-10
-6.14571	-3.74663e-10
-6.13714	-4.11064e-10
-6.12857	-4.37217e-10
-6.12	-4.51468e-10
-6.11143	-4.52413e-10
-6.10286	-4.38961e-10
-6.09429	-4.10395e-10
-6.08571	-3.66426e-10
-6.07714	-3.07231e-10
-6.06857	-2.33492e-10
-6.06	-1.46409e-10
-6.05143	-4.77029e-11
-6.04286	6.03938e-11
-6.03429	1.75172e-10
-6.02571	2.93492e-10
-6.01714	4.11851e-10
-6.00857	5.26467e-10
-6	6.33375e-10
-5.99143	7.28541e-10
-5.98286	8.07985e-10
-5.97429	8.67912e-10
-5.96571	9.04852e-10
-5.95714	9.1579e-10
-5.94857	8.98305e-10
-5.94	8.50691e-10
-5.93143	7.72071e-10
-5.92286	6.6249e-10
-5.91429	5.22985e-10
-5.90571	3.55634e-10
-5.89714	1.63573e-10
-5.88857	-4.90237e-11
-5.88	-2.76992e-10
-5.87143	-5.14265e-10
-5.86286	-7.53994e-10
-5.85429	-9.88704e-10
-5.84571	-1.21049e-09
-5.83714	-1.41123e-09
-5.82857	-1.58281e-09
-5.82	-1.71744e-09
-5.81143	-1.80786e-09
-5.80286	-1.84765e-09
-5.79429	-1.83151e-09
-5.78571	-1.7555e-09
-5.77714	-1.61727e-09
-5.76857	-1.41629e-09
-5.76	-1.154e-09
-5.75143	-8.33891e-10
-5.74286	-4.61602e-10
-5.73429	-4.48821e-11
-5.72571	4.06477e-10
-5.71714	8.80799e-10
-5.70857	1.36474e-09
-5.7	1.84358e-09
-5.69143	2.30161e-09
-5.68286	2.72251e-09
-5.67429	3.08985e-09
-5.66571	3.38763e-09
-5.65714	3.60077e-09
-5.64857	3.71571e-09
-5.64	3.72095e-09
-5.63143	3.60757e-09
-5.62286	3.36977e-09
-5.61429	3.00522e-09
-5.60571	2.51549e-09
-5.59714	1.90627e-09
-5.58857	1.18754e-09
-5.58	3.73542e-10
-5.57143	-5.17262e-10
-5.56286	-1.4625e-09
-5.55429	-2.43627e-09
-5.54571	-3.4097e-09
-5.53714	-4.35162e-09
-5.52857	-5.22939e-09
-5.52	-6.00983e-09
-5.51143	-6.6602e-09
-5.50286	-7.14935e-09
-5.49429	-7.44877e-09
-5.48571	-7.53378e-09
-5.47714	-7.38458e-09
-5.46857	-6.98726e-09
-5.46	-6.33477e-09
-5.45143	-5.42765e-09
-5.44286	-4.27463e-09
-5.43429	-2.89299e-09
-5.42571	-1.30873e-09
-5.41714	4.43633e-10
-5.40857	2.32143e-09
-5.4	4.2746e-09
-5.39143	6.24666e-09
-5.38286	8.17603e-09
-5.37429	9.9976e-09
-5.36571	1.16445e-08
-5.35714	1.30501e-08
-5.34857	1.41503e-08
-5.34	1.48855e-08
-5.33143	1.52032e-08
-5.32286	1.50598e-08
-5.31429	1.44232e-08
-5.30571	1.32746e-08
-5.29714	1.16097e-08
-5.28857	9.4409e-09
-5.28	6.79724e-09
-5.27143	3.72551e-09
-5.26286	2.89837e-10
-5.25429	-3.42886e-09
-5.24571	-7.33418e-09
-5.23714	-1.13161e-08
-5.22857	-1.52532e-08
-5.22	-1.90162e-08
-5.21143	-2.24707e-08
-5.20286	-2.54817e-08
-5.19429	-2.79175e-08
-5.18571	-2.96543e-08
-5.17714	-3.05809e-08
-5.16857	-3.06031e-08
-5.16	-2.96481e-08
-5.15143	-2.76686e-08
-5.14286	-2.46464e-08
-5.13429	-2.05949e-08
-5.12571	-1.55618e-08
-5.11714	-9.62988e-09
-5.10857	-2.91724e-09
-5.1	4.42358e-09
-5.09143	1.22078e-08
-5.08286	2.02218e-08
-5.07429	2.82275e-08
-5.06571	3.59681e-08
-5.05714	4.31749e-08
-5.04857	4.95749e-08
-5.04	5.4899e-08
-5.03143	5.88912e-08
-5.02286	6.13177e-08
-5.01429	6.19761e-08
-5.00571	6.07044e-08
-4.99714	5.73895e-08
-4.98857	5.19747e-08
-4.98	4.44659e-08
-4.97143	3.49363e-08
-4.96286	2.35299e-08
-4.95429	1.04619e-08
-4.94571	-3.98196e-09
-4.93714	-1.94494e-08
-4.92857	-3.55271e-08
-4.92	-5.17494e-08
-4.91143	-6.7609e-08
-4.90286	-8.25695e-08
-4.89429	-9.60809e-08
-4.88571	-1.07595e-07
-4.87714	-1.16585e-07
-4.86857	-1.22563e-07
-4.86	-1.25095e-07
-4.85143	-1.23828e-07
-4.84286	-1.18499e-07
-4.83429	-1.08955e-07
-4.82571	-9.51649e-08
-4.81714	-7.72319e-08
-4.80857	-5.53994e-08
-4.8	-3.00551e-08
-4.79143	-1.73003e-09
-4.78286	2.89074e-08
-4.77429	6.10613e-08
-4.76571	9.3824e-08
-4.75714	1.26196e-07
-4.74857	1.57111e-07
-4.74	1.85463e-07
-4.73143	2.10141e-07
-4.72286	2.30064e-07
-4.71429	2.44215e-07
-4.70571	2.51682e-07
-4.69714	2.51692e-07
-4.68857	2.43652e-07
-4.68	2.27178e-07
-4.67143	2.02124e-07
-4.66286	1.68607e-07
-4.65429	1.27027e-07
-4.64571	7.80701e-08
-4.63714	2.2715e-08
-4.62857	-3.77774e-08
-4.62	-1.01881e-07
-4.61143	-1.67834e-07
-4.60286	-2.33674e-07
-4.59429	-2.97284e-07
-4.58571	-3.56454e-07
-4.57714	-4.08935e-07
-4.56857	-4.52518e-07
-4.56	-4.85097e-07
-4.55143	-5.04755e-07
-4.54286	-5.09833e-07
-4.53429	-4.99007e-07
-4.52571	-4.71356e-07
-4.51714	-4.26424e-07
-4.50857	-3.64271e-07
-4.5	-2.85513e-07
-4.49143	-1.91346e-07
-4.48286	-8.35554e-08
-4.47429	3.54969e-08
-4.46571	1.629e-07
-4.45714	2.95243e-07
-4.44857	4.28688e-07
-4.44	5.59052e-07
-4.43143	6.81921e-07
-4.42286	7.92766e-07
-4.41429	8.87084e-07
-4.40571	9.60541e-07
-4.39714	1.00912e-06
-4.38857	1.0293e-06
-4.38	1.01816e-06
-4.37143	9.73556e-07
-4.36286	8.94259e-07
-4.35429	7.80038e-07
-4.34571	6.31764e-07
-4.33714	4.51466e-07
-4.32857	2.42359e-07
-4.32	8.83908e-09
-4.31143	-2.43571e-07
-4.30286	-5.08302e-07
-4.29429	-7.77867e-07
-4.28571	-1.04403e-06
-4.27714	-1.298e-06
-4.26857	-1.53069e-06
-4.26	-1.73295e-06
-4.25143	-1.8959e-06
-4.24286	-2.01118e-06
-4.23429	-2.07132e-06
-4.22571	-2.06999e-06
-4.21714	-2.00233e-06
-4.20857	-1.86524e-06
-4.2	-1.65755e-06
-4.19143	-1.38029e-06
-4.18286	-1.03679e-06
-4.17429	-6.32754e-07
-4.16571	-1.76282e-07
-4.15714	3.22201e-07
-4.14857	8.50096e-07
-4.14	1.39286e-06
-4.13143	1.93432e-06
-4.12286	2.45704e-06
-4.11429	2.94282e-06
-4.10571	3.37317e-06
-4.09714	3.72991e-06
-4.08857	3.99576e-06
-4.08	4.15498e-06
-4.07143	4.19397e-06
-4.06286	4.1019e-06
-4.05429	3.87129e-06
-4.04571	3.49847e-06
-4.03714	2.98403e-06
-4.02857	2.33314e-06
-4.02	1.55576e-06
-4.01143	6.66673e-07
-4.00286	-3.14586e-07
-3.99429	-1.36397e-06
-3.98571	-2.45333e-06
-3.97714	-3.55102e-06
-3.96857	-4.62259e-06
-3.96	-5.63166e-06
-3.95143	-6.54099e-06
-3.94286	-7.31354e-06
-3.93429	-7.9137e-06
-3.92571	-8.30853e-06
-3.91714	-8.46905e-06
-3.90857	-8.37144e-06
-3.9	-7.99827e-06
-3.89143	-7.33951e-06
-3.88286	-6.39349e-06
-3.87429	-5.16756e-06
-3.86571	-3.67865e-06
-3.85714	-1.95344e-06
-3.84857	-2.82651e-08
-3.84	2.05121e-06
-3.83143	4.23076e-06
-3.82286	6.44864e-06
-3.81429	8.63696e-06
-3.80571	1.07234e-05
-3.79714	1.2633e-05
-3.78857	1.42907e-05
-3.78	1.56233e-05
-3.77143	1.65623e-05
-3.76286	1.70464e-05
-3.75429	1.70237e-05
-3.74571	1.64547e-05
-3.73714	1.5314e-05
-3.72857	1.35925e-05
-3.72	1.12991e-05
-3.71143	8.46142e-06
-3.70286	5.12702e-06
-3.69429	1.36293e-06
-3.68571	-2.74468e-06
-3.67714	-7.09178e-06
-3.66857	-1.15584e-05
-3.66	-1.60112e-05
-3.65143	-2.03066e-05
-3.64286	-2.42947e-05
-3.63429	-2.78234e-05
-3.62571	-3.07433e-05
-3.61714	-3.29123e-05
-3.60857	-3.42014e-05
-3.6	-3.44992e-05
-3.59143	-3.37171e-05
-3.58286	-3.17941e-05
-3.57429	-2.87009e-05
-3.56571	-2.44431e-05
-3.55714	-1.90642e-05
-3.54857	-1.26469e-05
-3.54	-5.31363e-06
-3.53143	2.77388e-06
-3.52286	1.14171e-05
-3.51429	2.03837e-05
-3.50571	2.94127e-05
-3.49714	3.82203e-05
-3.48857	4.65071e-05
-3.48	5.39664e-05
-3.47143	6.02939e-05
-3.46286	6.51967e-05
-3.45429	6.84047e-05
-3.44571	6.96801e-05
-3.43714	6.88282e-05
-3.42857	6.57067e-05
-3.42	6.02347e-05
-3.41143	5.23999e-05
-3.40286	4.22646e-05
-3.39429	2.99698e-05
-3.38571	1.57367e-05
-3.37714	-1.33819e-07
-3.36857	-1.72646e-05
-3.36	-3.5208e-05
-3.35143	-5.34548e-05
-3.34286	-7.14455e-05
-3.33429	-8.85843e-05
-3.32571	-0.000104255
-3.31714	-0.000117839
-3.30857	-0.000128736
-3.3	-0.000136384
-3.29143	-0.000140278
-3.28286	-0.000139994
-3.27429	-0.000135211
-3.26571	-0.000125721
-3.25714	-0.000111453
-3.24857	-9.24832e-05
-3.24	-6.90438e-05
-3.23143	-4.15282e-05
-3.22286	-1.04921e-05
-3.21429	2.33525e-05
-3.20571	5.91464e-05
-3.19714	9.59002e-05
-3.18857	0.000132515
-3.18	0.000167807
-3.17143	0.000200544
-3.16286	0.000229473
-3.15429	0.000253367
-3.14571	0.00027106
-3.13714	0.000281492
-3.12857	0.000283751
-3.12	0.000277113
-3.11143	0.000261081
-3.10286	0.000235422
-3.09429	0.000200187
-3.08571	0.000155742
-3.07714	0.000102774
-3.06857	4.22984e-05
-3.06	-2.43476e-05
-3.05143	-9.5524e-05
-3.04286	-0.000169315
-3.03429	-0.000243568
-3.02571	-0.000315946
-3.01714	-0.000383982
-3.00857	-0.000445156
-3	-0.000496963
-2.99143	-0.000537
-2.98286	-0.00056305
-2.97429	-0.000573163
-2.96571	-0.000565749
-2.95714	-0.000539646
-2.94857	-0.000494203
-2.94	-0.000429331
-2.93143	-0.00034556
-2.92286	-0.000244062
-2.91429	-0.000126672
-2.90571	4.11865e-06
-2.89714	0.000145195
-2.88857	0.000292863
-2.88	0.000442925
-2.87143	0.00059077
-2.86286	0.000731492
-2.85429	0.000860024
-2.84571	0.000971282
-2.83714	0.00106033
-2.82857	0.00112256
-2.82	0.00115383
-2.81143	0.00115069
-2.80286	0.00111048
-2.79429	0.00103156
-2.78571	0.000913358
-2.77714	0.000756528
-2.76857	0.000563012
-2.76	0.000336079
-2.75143	8.03287e-05
-2.74286	-0.000198353
-2.73429	-0.000492876
-2.72571	-0.000795081
-2.71714	-0.00109591
-2.70857	-0.00138564
-2.7	-0.0016541
-2.69143	-0.00189103
-2.68286	-0.00208633
-2.67429	-0.00223045
-2.66571	-0.00231469
-2.65714	-0.0023316
-2.64857	-0.00227528
-2.64	-0.0021417
-2.63143	-0.00192899
-2.62286	-0.00163766
-2.61429	-0.00127077
-2.60571	-0.000834045
-2.59714	-0.000335901
-2.58857	0.000212614
-2.58	0.00079796
-2.57143	0.00140434
-2.56286	0.00201404
-2.55429	0.0026078
-2.54571	0.00316538
-2.53714	0.00366606
-2.52857	0.00408929
-2.52	0.00441539
-2.51143	0.0046262
-2.50286	0.00470581
-2.49429	0.00464124
-2.48571	0.00442312
-2.47714	0.0040462
-2.46857	0.00350993
-2.46	0.0028188
-2.45143	0.00198263
-2.44286	0.00101664
-2.43429	-5.85882e-05
-2.42571	-0.00121732
-2.41714	-0.00242913
-2.40857	-0.00365946
-2.4	-0.00487043
-2.39143	-0.00602176
-2.38286	-0.00707189
-2.37429	-0.00797921
-2.36571	-0.00870334
-2.35714	-0.00920662
-2.34857	-0.00945541
-2.34	-0.00942159
-2.33143	-0.00908384
-2.32286	-0.00842887
-2.31429	-0.00745251
-2.30571	-0.00616052
-2.29714	-0.00456924
-2.28857	-0.00270588
-2.28	-0.000608493
-2.27143	0.00167433
-2.26286	0.00408425
-2.25429	0.00655422
-2.24571	0.00900998
-2.23714	0.0113718
-2.22857	0.0135569
-2.22	0.0154811
-2.21143	0.0170625
-2.20286	0.0182234
-2.19429	0.0188934
-2.18571	0.0190124
-2.17714	0.0185331
-2.16857	0.0174237
-2.16	0.01567
-2.15143	0.0132775
-2.14286	0.0102723
-2.13429	0.0067024
-2.12571	0.00263754
-2.11714	-0.00183114
-2.10857	-0.00659241
-2.1	-0.0115169
-2.09143	-0.01646
-2.08286	-0.0212649
-2.07429	-0.0257671
-2.06571	-0.029799
-2.05714	-0.0331946
-2.04857	-0.0357956
-2.04	-0.0374567
-2.03143	-0.0380514
-2.02286	-0.0374773
-2.01429	-0.0356617
-2.00571	-0.032566
-1.99714	-0.0281895
-1.98857	-0.0225726
-1.98	-0.0157985
-1.97143	-0.00799428
-1.96286	0.000670439
-1.95429	0.00998509
-1.94571	0.019702
-1.93714	0.0295414
-1.92857	0.039198
-1.92	0.0483488
-1.91143	0.0566621
-1.90286	0.0638075
-1.89429	0.0694667
-1.88571	0.0733448
-1.87714	0.0751812
-1.86857	0.0747611
-1.86	0.0719258
-1.85143	0.0665818
-1.84286	0.0587092
-1.83429	0.0483679
-1.82571	0.0357016
-1.81714	0.0209396
-1.80857	0.00439603
-1.8	-0.0135342
-1.79143	-0.0323816
-1.78286	-0.0516122
-1.77429	-0.0706392
-1.76571	-0.0888388
-1.75714	-0.105567
-1.74857	-0.12018
-1.74	-0.132053
-1.73143	-0.140604
-1.72286	-0.145315
-1.71429	-0.145753
-1.70571	-0.141592
-1.69714	-0.13263
-1.68857	-0.118804
-1.68	-0.100204
-1.67143	-0.0770822
-1.66286	-0.0498518
-1.65429	-0.0190906
-1.64571	0.0144689
-1.63714	0.0499518
-1.62857	0.0863586
-1.62	0.12259
-1.61143	0.157473
-1.60286	0.1898
-1.59429	0.218359
-1.58571	0.241976
-1.57714	0.259558
-1.56857	0.270131
-1.56	0.272883
-1.55143	0.267201
-1.54286	0.252702
-1.53429	0.229265
-1.52571	0.197053
-1.51714	0.156522
-1.50857	0.108428
-1.5	0.0538242
-1.49143	-0.00595845
-1.48286	-0.0693353
-1.47429	-0.134504
-1.46571	-0.199492
-1.45714	-0.26221
-1.44857	-0.320512
-1.44	-0.372268
-1.43143	-0.415434
-1.42286	-0.448122
-1.41429	-0.468678
-1.40571	-0.475746
-1.39714	-0.468336
-1.38857	-0.445872
-1.38	-0.408243
-1.37143	-0.355824
-1.36286	-0.2895
-1.35429	-0.210657
-1.34571	-0.121163
-1.33714	-0.0233361
-1.32857	0.0801155
-1.32	0.186163
-1.31143	0.291544
-1.30286	0.392859
-1.29429	0.486684
-1.28571	0.569683
-1.27714	0.638724
-1.26857	0.691
-1.26	0.724133
-1.25143	0.736278
-1.24286	0.726208
-1.23429	0.69338
-1.22571	0.637982
-1.21714	0.560955
-1.20857	0.463989
-1.2	0.349494
-1.19143	0.220541
-1.18286	0.0807796
-1.17429	-0.0656681
-1.16571	-0.214334
-1.15714	-0.360548
-1.14857	-0.499593
-1.14	-0.626864
-1.13143	-0.738034
-1.12286	-0.829205
-1.11429	-0.897058
-1.10571	-0.938976
-1.09714	-0.953149
-1.08857	-0.938656
-1.08	-0.895509
-1.07143	-0.824666
-1.06286	-0.72802
-1.05429	-0.608336
-1.04571	-0.469173
-1.03714	-0.314767
-1.02857	-0.14989
-1.02	0.0203102
-1.01143	0.190483
-1.00286	0.355262
-0.994286	0.509446
-0.985714	0.648184
-0.977143	0.767135
-0.968571	0.86262
-0.96	0.931746
-0.951429	0.972503
-0.942857	0.983821
-0.934286	0.965608
-0.925714	0.918738
-0.917143	0.845012
-0.908571	0.747086
-0.9	0.628371
-0.891429	0.492901
-0.882857	0.345188
-0.874286	0.190062
-0.865714	0.0324993
-0.857143	-0.122548
-0.848571	-0.27032
-0.84	-0.406401
-0.831429	-0.526865
-0.822857	-0.628389
-0.814286	-0.708353
-0.805714	-0.764903
-0.797143	-0.796993
-0.788571	-0.804396
-0.78	-0.787678
-0.771429	-0.748163
-0.762857	-0.687855
-0.754286	-0.609349
-0.745714	-0.515728
-0.737143	-0.410437
-0.728571	-0.297158
-0.72	-0.179683
-0.711429	-0.0617799
-0.702857	0.0529262
-0.694286	0.161065
-0.685714	0.25962
-0.677143	0.346012
-0.668571	0.418158
-0.66	0.474522
-0.651429	0.514131
-0.642857	0.536587
-0.634286	0.542043
-0.625714	0.531178
-0.617143	0.505145
-0.608571	0.465508
-0.6	0.414174
-0.591429	0.353315
-0.582857	0.285279
-0.574286	0.212511
-0.565714	0.137471
-0.557143	0.0625504
-0.548571	-0.0099947
-0.54	-0.0781092
-0.531429	-0.139991
-0.522857	-0.194134
-0.514286	-0.239356
-0.505714	-0.27482
-0.497143	-0.300034
-0.488571	-0.314852
-0.48	-0.319454
-0.471429	-0.31432
-0.462857	-0.300199
-0.454286	-0.278068
-0.445714	-0.249086
-0.437143	-0.214551
-0.428571	-0.175846
-0.42	-0.134393
-0.411429	-0.091611
-0.402857	-0.0488643
-0.394286	-0.00743098
-0.385714	0.0315339
-0.377143	0.0670247
-0.368571	0.0982065
-0.36	0.124429
-0.351429	0.145235
-0.342857	0.160361
-0.334286	0.169732
-0.325714	0.17345
-0.317143	0.171784
-0.308571	0.165145
-0.3	0.154065
-0.291429	0.139175
-0.282857	0.121177
-0.274286	0.100821
-0.265714	0.0788723
-0.257143	0.0560954
-0.248571	0.0332255
-0.24	0.0109503
-0.231429	-0.0101078
-0.222857	-0.0294059
-0.214286	-0.0464916
-0.205714	-0.0610099
-0.197143	-0.0727076
-0.188571	-0.0814337
-0.18	-0.0871362
-0.171429	-0.0898577
-0.162857	-0.0897265
-0.154286	-0.0869473
-0.145714	-0.0817893
-0.137143	-0.0745741
-0.128571	-0.0656614
-0.12	-0.0554366
-0.111429	-0.0442967
-0.102857	-0.0326377
-0.0942857	-0.020843
-0.0857143	-0.00927267
-0.0771429	0.00174552
-0.0685714	0.0119237
-0.06	0.0210197
-0.0514286	0.0288409
-0.0428571	0.0352464
-0.0342857	0.0401476
-0.0257143	0.043507
-0.0171429	0.0453359
-0.00857143	0.0456901
0	0.0446653
0.00857143	0.0423915
0.0171429	0.0390263
0.0257143	0.0347484
0.0342857	0.0297508
0.0428571	0.0242338
0.0514286	0.0183988
0.06	0.0124419
0.0685714	0.00654875
0.0771429	0.000889541
0.0857143	-0.00438482
0.0942857	-0.00914583
0.102857	-0.0132896
0.111429	-0.0167381
0.12	-0.0194396
0.128571	-0.0213684
0.137143	-0.0225236
0.145714	-0.0229273
0.154286	-0.0226224
0.162857	-0.0216695
0.171429	-0.0201443
0.18	-0.0181337
0.188571	-0.0157329
0.197143	-0.0130414
0.205714	-0.0101605
0.214286	-0.0071893
0.222857	-0.00422256
0.231429	-0.0013479
0.24	0.00135619
0.248571	0.00382203
0.257143	0.00599398
0.265714	0.00782918
0.274286	0.0092979
0.282857	0.0103835
0.291429	0.0110818
0.3	0.0114006
0.308571	0.0113582
0.317143	0.0109825
0.325714	0.010309
0.334286	0.00937947
0.342857	0.00824037
0.351429	0.0069408
0.36	0.00553107
0.368571	0.00406105
0.377143	0.00257875
0.385714	0.00112901
0.394286	-0.000247616
0.402857	-0.00151569
0.411429	-0.00264562
0.42	-0.00361406
0.428571	-0.0044042
0.437143	-0.00500574
0.445714	-0.00541472
0.454286	-0.00563318
0.462857	-0.00566868
0.471429	-0.00553361
0.48	-0.00524455
0.488571	-0.00482138
0.497143	-0.00428653
0.505714	-0.00366405
0.514286	-0.00297886
0.522857	-0.00225586
0.531429	-0.00151928
0.54	-0.000791933
0.548571	-9.46962e-05
0.557143	0.000553987
0.565714	0.00113847
0.574286	0.00164617
0.582857	0.00206769
0.591429	0.00239689
0.6	0.00263082
0.608571	0.00276957
0.617143	0.00281604
0.625714	0.00277565
0.634286	0.00265601
0.642857	0.00246649
0.651429	0.00221787
0.66	0.00192186
0.668571	0.00159074
0.677143	0.00123689
0.685714	0.000872488
0.694286	0.0005091
0.702857	0.00015742
0.711429	-0.000172995
0.72	-0.000473922
0.728571	-0.000738619
0.737143	-0.000961914
0.745714	-0.00114024
0.754286	-0.00127164
0.762857	-0.00135567
0.771429	-0.00139334
0.78	-0.00138695
0.788571	-0.00133994
0.797143	-0.0012567
0.805714	-0.00114237
0.814286	-0.00100262
0.822857	-0.000843473
0.831429	-0.000671075
0.84	-0.000491512
0.848571	-0.000310631
0.857143	-0.00013389
0.865714	3.37812e-05
0.874286	0.000188083
0.882857	0.00032543
0.891429	0.000443003
0.9	0.000538778
0.908571	0.000611524
0.917143	0.000660786
0.925714	0.000686837
0.934286	0.000690616
0.942857	0.000673655
0.951429	0.000637987
0.96	0.000586048
0.968571	0.000520578
0.977143	0.000444514
0.985714	0.000360893
0.994286	0.000272749
1.00286	0.000183028
1.01143	9.45034e-05
1.02	9.71061e-06
1.02857	-6.91136e-05
1.03714	-0.000140074
1.04571	-0.000201649
1.05429	-0.000252706
1.06286	-0.000292509
1.07143	-0.000320708
1.08	-0.000337325
1.08857	-0.000342722
1.09714	-0.000337566
1.10571	-0.00032279
1.11429	-0.00029954
1.12286	-0.000269131
1.13143	-0.000232993
1.14	-0.000192618
1.14857	-0.000149515
1.15714	-0.000105164
1.16571	-6.09691e-05
1.17429	-1.82292e-05
1.18286	2.1897e-05
1.19143	5.84134e-05
1.2	9.05045e-05
1.20857	0.000117546
1.21714	0.00013911
1.22571	0.00015496
1.23429	0.00016505
1.24286	0.000169506
1.25143	0.00016861
1.26	0.000162785
1.26857	0.000152567
1.27714	0.000138583
1.28571	0.000121525
1.29429	0.000102125
1.30286	8.11313e-05
1.31143	5.92828e-05
1.32	3.72903e-05
1.32857	1.58159e-05
1.33714	-4.54231e-06
1.34571	-2.32636e-05
1.35429	-3.99141e-05
1.36286	-5.41533e-05
1.37143	-6.57373e-05
1.38	-7.45188e-05
1.38857	-8.04444e-05
1.39714	-8.35493e-05
1.40571	-8.39497e-05
1.41429	-8.18334e-05
1.42286	-7.74487e-05
1.43143	-7.10929e-05
1.44	-6.30999e-05
1.44857	-5.38272e-05
1.45714	-4.36441e-05
1.46571	-3.29194e-05
1.47429	-2.20108e-05
1.48286	-1.12551e-05
1.49143	-9.59718e-07
1.5	8.60433e-06
1.50857	1.72076e-05
1.51714	2.46662e-05
1.52571	3.08436e-05
1.53429	3.56512e-05
1.54286	3.90478e-05
1.55143	4.10369e-05
1.56	4.16633e-05
1.56857	4.10091e-05
1.57714	3.91882e-05
1.58571	3.63406e-05
1.59429	3.26264e-05
1.60286	2.82198e-05
1.61143	2.33022e-05
1.62	1.80572e-05
1.62857	1.26642e-05
1.63714	7.29405e-06
1.64571	2.1041e-06
1.65429	-2.76519e-06
1.66286	-7.1932e-06
1.67143	-1.10813e-05
1.68	-1.43542e-05
1.68857	-1.69602e-05
1.69714	-1.88714e-05
1.70571	-2.00825e-05
1.71429	-2.06092e-05
1.72286	-2.04864e-05
1.73143	-1.97657e-05
1.74	-1.85126e-05
1.74857	-1.68035e-05
1.75714	-1.47227e-05
1.76571	-1.23592e-05
1.77429	-9.80397e-06
1.78286	-7.14686e-06
1.79143	-4.47409e-06
1.8	-1.86602e-06
1.80857	6.04862e-07
1.81714	2.87547e-06
1.82571	4.89332e-06
1.83429	6.61728e-06
1.84286	8.01795e-06
1.85143	9.0777e-06
1.86	9.79029e-06
1.86857	1.01602e-05
1.87714	1.02018e-05
1.88571	9.93812e-06
1.89429	9.39943e-06
1.90286	8.622e-06
1.91143	7.6465e-06
1.92	6.51645e-06
1.92857	5.27672e-06
1.93714	3.97215e-06
1.94571	2.64617e-06
1.95429	1.33965e-06
1.96286	8.98558e-08
1.97143	-1.07036e-06
1.98	-2.11325e-06
1.98857	-3.01655e-06
1.99714	-3.76383e-06
2.00571	-4.34443e-06
2.01429	-4.75348e-06
2.02286	-4.9915e-06
2.03143	-5.06407e-06
2.04	-4.98125e-06
2.04857	-4.75696e-06
2.05714	-4.40828e-06
2.06571	-3.95473e-06
2.07429	-3.41748e-06
2.08286	-2.81862e-06
2.09143	-2.18046e-06
2.1	-1.52479e-06
2.10857	-8.72327e-07
2.11714	-2.42175e-07
2.12571	3.48647e-07
2.13429	8.85537e-07
2.14286	1.35657e-06
2.15143	1.75265e-06
2.16	2.06757e-06
2.16857	2.29799e-06
2.17714	2.44332e-06
2.18571	2.50554e-06
2.19429	2.48893e-06
2.20286	2.39981e-06
2.21143	2.24616e-06
2.22	2.0373e-06
2.22857	1.7835e-06
2.23714	1.49559e-06
2.24571	1.18461e-06
2.25429	8.61488e-07
2.26286	5.36687e-07
2.27143	2.19956e-07
2.28	-7.9917e-08
2.28857	-3.55292e-07
2.29714	-5.99817e-07
2.30571	-8.08525e-07
2.31429	-9.77876e-07
2.32286	-1.10576e-06
2.33143	-1.19144e-06
2.34	-1.2355e-06
2.34857	-1.2397e-06
2.35714	-1.20686e-06
2.36571	-1.14069e-06
2.37429	-1.04561e-06
2.38286	-9.26566e-07
2.39143	-7.88855e-07
2.4	-6.37935e-07
2.40857	-4.79252e-07
2.41714	-3.18081e-07
2.42571	-1.5938e-07
2.43429	-7.66979e-09
2.44286	1.33072e-07
2.45143	2.59484e-07
2.46	3.68879e-07
2.46857	4.59272e-07
2.47714	5.29386e-07
2.48571	5.78642e-07
2.49429	6.07119e-07
2.50286	6.15506e-07
2.51143	6.05039e-07
2.52	5.77418e-07
2.52857	5.34728e-07
2.53714	4.79346e-07
2.54571	4.13849e-07
2.55429	3.40925e-07
2.56286	2.63281e-07
2.57143	1.83567e-07
2.58	1.04298e-07
2.58857	2.7788e-08
2.59714	-4.38985e-08
2.60571	-1.08994e-07
2.61429	-1.66056e-07
2.62286	-2.13987e-07
2.63143	-2.52041e-07
2.64	-2.79819e-07
2.64857	-2.97257e-07
2.65714	-3.046e-07
2.66571	-3.02378e-07
2.67429	-2.9136e-07
2.68286	-2.72523e-07
2.69143	-2.47002e-07
2.7	-2.16047e-07
2.70857	-1.80975e-07
2.71714	-1.43129e-07
2.72571	-1.03836e-07
2.73429	-6.43667e-08
2.74286	-2.59029e-08
2.75143	1.04898e-08
2.76	4.38859e-08
2.76857	7.35171e-08
2.77714	9.87834e-08
2.78571	1.19258e-07
2.79429	1.34689e-07
2.80286	1.4499e-07
2.81143	1.50235e-07
2.82	1.50642e-07
2.82857	1.46556e-07
2.83714	1.38429e-07
2.84571	1.26801e-07
2.85429	1.12274e-07
2.86286	9.54929e-08
2.87143	7.71208e-08
2.88	5.78197e-08
2.88857	3.82299e-08
2.89714	1.89532e-08
2.90571	5.37625e-10
2.91429	-1.65348e-08
2.92286	-3.18575e-08
2.93143	-4.51054e-08
2.94	-5.60393e-08
2.94857	-6.4506e-08
2.95714	-7.04366e-08
2.96571	-7.38427e-08
2.97429	-7.48097e-08
2.98286	-7.34888e-08
2.99143	-7.00881e-08
3	-6.48619e-08
3.00857	-5.80996e-08
3.01714	-5.0115e-08
3.02571	-4.12349e-08
3.03429	-3.17885e-08
3.04286	-2.20974e-08
3.05143	-1.24668e-08
3.06	-3.17757e-09
3.06857	5.52026e-09
3.07714	1.34126e-08
3.08571	2.03251e-08
3.09429	2.61253e-08
3.10286	3.07234e-08
3.11143	3.40719e-08
3.12	3.61639e-08
3.12857	3.70299e-08
3.13714	3.6735e-08
3.14571	3.53734e-08
3.15429	3.30643e-08
3.16286	2.9946e-08
3.17143	2.61706e-08
3.18	2.18984e-08
3.18857	1.72928e-08
3.19714	1.25146e-08
3.20571	7.71837e-09
3.21429	3.04739e-09
3.22286	-1.36916e-09
3.23143	-5.41921e-09
3.24	-9.0098e-09
3.24857	-1.20685e-08
3.25714	-1.45438e-08
3.26571	-1.64056e-08
3.27429	-1.7644e-08
3.28286	-1.82682e-08
3.29143	-1.83051e-08
3.3	-1.77969e-08
3.30857	-1.67989e-08
3.31714	-1.53769e-08
3.32571	-1.36043e-08
3.33429	-1.15594e-08
3.34286	-9.32291e-09
3.35143	-6.97529e-09
3.36	-4.59426e-09
3.36857	-2.25284e-09
3.37714	-1.74618e-11
3.38571	2.05346e-09
3.39429	3.91071e-09
3.40286	5.51502e-09
3.41143	6.83755e-09
3.42	7.85988e-09
3.42857	8.5739e-09
3.43714	8.9812e-09
3.44571	9.09235e-09
3.45429	8.92592e-09
3.46286	8.50731e-09
3.47143	7.86754e-09
3.48	7.04189e-09
3.48857	6.06854e-09
3.49714	4.98722e-09
3.50571	3.83795e-09
3.51429	2.65978e-09
3.52286	1.48976e-09
3.53143	3.61951e-10
3.54	-6.93351e-10
3.54857	-1.65023e-09
3.55714	-2.4876e-09
3.56571	-3.18947e-09
3.57429	-3.74504e-09
3.58286	-4.14866e-09
3.59143	-4.39957e-09
3.6	-4.50162e-09
3.60857	-4.46276e-09
3.61714	-4.29455e-09
3.62571	-4.01152e-09
3.63429	-3.63052e-09
3.64286	-3.17008e-09
3.65143	-2.64969e-09
3.66	-2.08921e-09
3.66857	-1.50819e-09
3.67714	-9.25365e-10
3.68571	-3.58137e-10
3.69429	1.77841e-10
3.70286	6.68994e-10
3.71143	1.10408e-09
3.72	1.47434e-09
3.72857	1.7736e-09
3.73714	1.99823e-09
3.74571	2.14707e-09
3.75429	2.22132e-09
3.76286	2.22427e-09
3.77143	2.16111e-09
3.78	2.03858e-09
3.78857	1.86469e-09
3.79714	1.6484e-09
3.80571	1.39922e-09
3.81429	1.12698e-09
3.82286	8.4144e-10
3.83143	5.52043e-10
3.84	2.67648e-10
3.84857	-3.68812e-12
3.85714	-2.54891e-10
3.86571	-4.80002e-10
3.87429	-6.7428e-10
3.88286	-8.34242e-10
3.89143	-9.57682e-10
3.9	-1.04364e-09
3.90857	-1.09233e-09
3.91714	-1.10507e-09
3.92571	-1.08412e-09
3.93429	-1.0326e-09
3.94286	-9.54292e-10
3.95143	-8.53487e-10
3.96	-7.34835e-10
3.96857	-6.03168e-10
3.97714	-4.63348e-10
3.98571	-3.20118e-10
3.99429	-1.77974e-10
4.00286	-4.10481e-11
4.01143	8.69893e-11
4.02	2.03e-10
4.02857	3.04435e-10
4.03714	3.89364e-10
4.04571	4.5649e-10
4.05429	5.05137e-10
4.06286	5.35228e-10
4.07143	5.4724e-10
4.08	5.42153e-10
4.08857	5.21378e-10
4.09714	4.86689e-10
4.10571	4.40141e-10
4.11429	3.83988e-10
4.12286	3.20602e-10
4.13143	2.52395e-10
4.14	1.81744e-10
4.14857	1.10923e-10
4.15714	4.20416e-11
4.16571	-2.30018e-11
4.17429	-8.25635e-11
4.18286	-1.35283e-10
4.19143	-1.80104e-10
4.2	-2.16281e-10
4.20857	-2.43381e-10
4.21714	-2.61269e-10
4.22571	-2.70097e-10
4.23429	-2.70271e-10
4.24286	-2.62424e-10
4.25143	-2.47382e-10
4.26	-2.2612e-10
4.26857	-1.99728e-10
4.27714	-1.69366e-10
4.28571	-1.36227e-10
4.29429	-1.01498e-10
4.30286	-6.63245e-11
4.31143	-3.17818e-11
4.32	1.15335e-12
4.32857	3.16237e-11
4.33714	5.89084e-11
4.34571	8.24341e-11
4.35429	1.01781e-10
4.36286	1.16685e-10
4.37143	1.27032e-10
4.38	1.32852e-10
4.38857	1.34306e-10
4.39714	1.31673e-10
4.40571	1.25334e-10
4.41429	1.15749e-10
4.42286	1.03442e-10
4.43143	8.89787e-11
4.44	7.29465e-11
4.44857	5.59362e-11
4.45714	3.85241e-11
4.46571	2.12556e-11
4.47429	4.63172e-12
4.48286	-1.09025e-11
4.49143	-2.49673e-11
4.5	-3.72544e-11
4.50857	-4.75309e-11
4.51714	-5.56408e-11
4.52571	-6.15037e-11
4.53429	-6.51117e-11
4.54286	-6.65243e-11
4.55143	-6.58617e-11
4.56	-6.32967e-11
4.56857	-5.90456e-11
4.57714	-5.33589e-11
4.58571	-4.65109e-11
4.59429	-3.87904e-11
4.60286	-3.04903e-11
4.61143	-2.18994e-11
4.62	-1.32937e-11
4.62857	-4.92929e-12
4.63714	2.96391e-12
4.64571	1.01868e-11
4.65429	1.65748e-11
4.66286	2.20003e-11
4.67143	2.63736e-11
4.68	2.96427e-11
4.68857	3.17924e-11
4.69714	3.28414e-11
4.70571	3.284e-11
4.71429	3.18658e-11
4.72286	3.00193e-11
4.73143	2.74197e-11
4.74	2.41996e-11
4.74857	2.05002e-11
4.75714	1.64664e-11
4.76571	1.22424e-11
4.77429	7.96743e-12
4.78286	3.77191e-12
4.79143	-2.25739e-13
4.8	-3.92167e-12
4.80857	-7.22865e-12
4.81714	-1.00774e-11
4.82571	-1.24174e-11
4.83429	-1.42167e-11
4.84286	-1.54621e-11
4.85143	-1.61574e-11
4.86	-1.63227e-11
4.86857	-1.59923e-11
4.87714	-1.52124e-11
4.88571	-1.40393e-11
4.89429	-1.25369e-11
4.90286	-1.07739e-11
4.91143	-8.82179e-12
4.92	-6.75239e-12
4.92857	-4.63566e-12
4.93714	-2.5378e-12
4.94571	-5.19576e-13
4.95429	1.3651e-12
4.96286	3.07024e-12
4.97143	4.55858e-12
4.98	5.80201e-12
4.98857	6.78179e-12
4.99714	7.48832e-12
5.00571	7.92085e-12
5.01429	8.08679e-12
5.02286	8.00089e-12
5.03143	7.68427e-12
5.04	7.16336e-12
5.04857	6.46866e-12
5.05714	5.63357e-12
5.06571	4.69321e-12
5.07429	3.68319e-12
5.08286	2.63859e-12
5.09143	1.59291e-12
5.1	5.772e-13
5.10857	-3.80648e-13
5.11714	-1.25653e-12
5.12571	-2.03054e-12
5.13429	-2.68727e-12
5.14286	-3.21592e-12
5.15143	-3.61027e-12
5.16	-3.86856e-12
5.16857	-3.99316e-12
5.17714	-3.99027e-12
5.18571	-3.86936e-12
5.19429	-3.64274e-12
5.20286	-3.32491e-12
5.21143	-2.93204e-12
5.22	-2.48128e-12
5.22857	-1.99028e-12
5.23714	-1.47655e-12
5.24571	-9.56981e-13
5.25429	-4.47406e-13
5.26286	3.78187e-14
5.27143	4.86113e-13
5.28	8.86921e-13
5.28857	1.23187e-12
5.29714	1.51487e-12
5.30571	1.7321e-12
5.31429	1.88198e-12
5.32286	1.96503e-12
5.33143	1.98375e-12
5.34	1.9423e-12
5.34857	1.84637e-12
5.35714	1.70281e-12
5.36571	1.5194e-12
5.37429	1.30451e-12
5.38286	1.06683e-12
5.39143	8.15079e-13
5.4	5.5776e-13
5.40857	3.02906e-13
5.41714	5.78863e-14
5.42571	-1.70766e-13
5.43429	-3.77485e-13
5.44286	-5.57764e-13
5.45143	-7.08213e-13
5.46	-8.26576e-13
5.46857	-9.11714e-13
5.47714	-9.63557e-13
5.48571	-9.83027e-13
5.49429	-9.71934e-13
5.50286	-9.32864e-13
5.51143	-8.69039e-13
5.52	-7.84177e-13
5.52857	-6.82344e-13
5.53714	-5.6781e-13
5.54571	-4.44906e-13
5.55429	-3.1789e-13
5.56286	-1.9083e-13
5.57143	-6.74935e-14
5.58	4.87406e-14
5.58857	1.54953e-13
5.59714	2.48735e-13
5.60571	3.28227e-13
5.61429	3.92128e-13
5.62286	4.39695e-13
5.63143	4.70725e-13
5.64	4.85518e-13
5.64857	4.84835e-13
5.65714	4.69837e-13
5.66571	4.42026e-13
5.67429	4.03172e-13
5.68286	3.5524e-13
5.69143	3.0032e-13
5.7	2.40555e-13
5.70857	1.78075e-13
5.71714	1.14929e-13
5.72571	5.30382e-14
5.73429	-5.85633e-15
5.74286	-6.02309e-14
5.75143	-1.08808e-13
5.76	-1.50577e-13
5.76857	-1.84801e-13
5.77714	-2.11025e-13
5.78571	-2.29061e-13
5.79429	-2.3898e-13
5.80286	-2.41086e-13
5.81143	-2.35894e-13
5.82	-2.24096e-13
5.82857	-2.06529e-13
5.83714	-1.8414e-13
5.84571	-1.57948e-13
5.85429	-1.29009e-13
5.86286	-9.83829e-14
5.87143	-6.71026e-14
5.88	-3.61426e-14
5.88857	-6.39673e-15
5.89714	2.13435e-14
5.90571	4.6404e-14
5.91429	6.82403e-14
5.92286	8.64433e-14
5.93143	1.00742e-13
5.94	1.11e-13
5.94857	1.17213e-13
5.95714	1.19494e-13
5.96571	1.18067e-13
5.97429	1.13247e-13
5.98286	1.05428e-13
5.99143	9.50618e-14
6	8.26443e-14
6.00857	6.86948e-14
6.01714	5.37394e-14
6.02571	3.82955e-14
6.03429	2.28568e-14
6.04286	7.88033e-15
6.05143	-6.22439e-15
6.06	-1.91038e-14
6.06857	-3.04666e-14
6.07714	-4.00883e-14
6.08571	-4.78121e-14
6.09429	-5.35494e-14
6.10286	-5.72767e-14
6.11143	-5.90319e-14
6.12	-5.89087e-14
6.12857	-5.70492e-14
6.13714	-5.36367e-14
6.14571	-4.88869e-14
6.15429	-4.30392e-14
6.16286	-3.6348e-14
6.17143	-2.90737e-14
6.18	-2.14748e-14
6.18857	-1.38004e-14
6.19714	-6.28361e-15
6.20571	8.6465e-16
6.21429	7.45975e-15
6.22286	1.33471e-14
6.23143	1.84046e-14
6.24	2.25435e-14
6.24857	2.5709e-14
6.25714	2.78793e-14
6.26571	2.90633e-14
6.27429	2.92989e-14
6.28286	2.86491e-14
6.29143	2.71984e-14
6.3	2.5049e-14
6.30857	2.2316e-14
6.31714	1.91236e-14
6.32571	1.56001e-14
6.33429	1.18745e-14
6.34286	8.07208e-15
6.35143	4.31109e-15
6.36	6.99932e-16
6.36857	-2.66546e-15
6.37714	-5.70352e-15
6.38571	-8.34838e-15
6.39429	-1.05507e-14
6.40286	-1.22779e-14
6.41143	-1.35139e-14
6.42	-1.42583e-14
6.42857	-1.45253e-14
6.43714	-1.43422e-14
6.44571	-1.37477e-14
6.45429	-1.27898e-14
6.46286	-1.15237e-14
6.47143	-1.00095e-14
6.48	-8.31059e-15
6.48857	-6.4908e-15
6.49714	-4.61301e-15
6.50571	-2.73712e-15
6.51429	-9.18584e-16
6.52286	7.92961e-16
6.53143	2.3547e-15
6.54	3.73142e-15
6.54857	4.89598e-15
6.55714	5.82955e-15
6.56571	6.52149e-15
6.57429	6.96916e-15
6.58286	7.17731e-15
6.59143	7.15745e-15
6.6	6.927e-15
6.60857	6.50832e-15
6.61714	5.92772e-15
6.62571	5.21434e-15
6.63429	4.39912e-15
6.64286	3.51372e-15
6.65143	2.58957e-15
6.66	1.65689e-15
6.66857	7.43962e-16
6.67714	-1.23639e-16
6.68571	-9.23547e-16
6.69429	-1.63706e-15
6.70286	-2.24941e-15
6.71143	-2.74993e-15
6.72	-3.13203e-15
6.72857	-3.39314e-15
6.73714	-3.53445e-15
6.74571	-3.56062e-15
6.75429	-3.47936e-15
6.76286	-3.30101e-15
6.77143	-3.03802e-15
6.78	-2.70443e-15
6.78857	-2.31533e-15
6.79714	-1.88636e-15
6.80571	-1.43315e-15
6.81429	-9.70926e-16
6.82286	-5.14049e-16
6.83143	-7.56605e-17
6.84	3.32617e-16
6.84857	7.00909e-16
6.85714	1.02125e-15
6.86571	1.2877e-15
6.87429	1.49633e-15
6.88286	1.64523e-15
6.89143	1.7344e-15
6.9	1.7656e-15
6.90857	1.74219e-15
6.91714	1.66889e-15
6.92571	1.55155e-15
6.93429	1.39691e-15
6.94286	1.21229e-15
6.95143	1.00537e-15
6.96	7.83943e-16
6.96857	5.55629e-16
6.97714	3.27702e-16
6.98571	1.06887e-16
6.99429	-1.00798e-16
7.00286	-2.9017e-16
7.01143	-4.56969e-16
7.02	-5.97919e-16
7.02857	-7.10753e-16
7.03714	-7.94201e-16
7.04571	-8.4796e-16
7.05429	-8.72629e-16
7.06286	-8.69623e-16
7.07143	-8.41075e-16
7.08	-7.89714e-16
7.08857	-7.18746e-16
7.09714	-6.31721e-16
7.10571	-5.32401e-16
7.11429	-4.24638e-16
7.12286	-3.12247e-16
7.13143	-1.98899e-16
7.14	-8.80232e-17
7.14857	1.72778e-17
7.15714	1.14296e-16
7.16571	2.00767e-16
7.17429	2.74909e-16
7.18286	3.35434e-16
7.19143	3.81555e-16
7.2	4.12967e-16
7.20857	4.29825e-16
7.21714	4.32705e-16
7.22571	4.22552e-16
7.23429	4.00629e-16
7.24286	3.68455e-16
7.25143	3.27738e-16
7.26	2.80316e-16
7.26857	2.28089e-16
7.27714	1.72958e-16
7.28571	1.16772e-16
7.29429	6.12728e-17
7.30286	8.05383e-18
7.31143	-4.14762e-17
7.32	-8.6122e-17
7.32857	-1.24921e-16
7.33714	-1.57156e-16
7.34571	-1.82356e-16
7.35429	-2.00293e-16
7.36286	-2.10972e-16
7.37143	-2.14613e-16
7.38	-2.11626e-16
7.38857	-2.0259e-16
7.39714	-1.88218e-16
7.40571	-1.69331e-16
7.41429	-1.4682e-16
7.42286	-1.21621e-16
7.43143	-9.46785e-17
7.44	-6.6919e-17
7.44857	-3.92254e-17
7.45714	-1.24136e-17
7.46571	1.27874e-17
7.47429	3.57496e-17
7.48286	5.59581e-17
7.49143	7.30173e-17
7.5	8.66541e-17
7.50857	9.67172e-17
7.51714	1.03172e-16
7.52571	1.06094e-16
7.53429	1.05657e-16
7.54286	1.02122e-16
7.55143	9.58216e-17
7.56	8.71476e-17
7.56857	7.65318e-17
7.57714	6.4432e-17
7.58571	5.13161e-17
7.59429	3.76478e-17
7.60286	2.38729e-17
7.61143	1.04072e-17
7.62	-2.37305e-18
7.62857	-1.41398e-17
7.63714	-2.46192e-17
7.64571	-3.35959e-17
7.65429	-4.09147e-17
7.66286	-4.64811e-17
7.67143	-5.02597e-17
7.68	-5.22703e-17
7.68857	-5.25838e-17
7.69714	-5.13163e-17
7.70571	-4.8622e-17
7.71429	-4.46859e-17
7.72286	-3.97164e-17
7.73143	-3.39369e-17
7.74	-2.75785e-17
7.74857	-2.08722e-17
7.75714	-1.40425e-17
7.76571	-7.30078e-18
7.77429	-8.40272e-19
7.78286	5.16834e-18
7.79143	1.05804e-17
7.8	1.52796e-17
7.80857	1.91792e-17
7.81714	2.22229e-17
7.82571	2.43835e-17
7.83429	2.56622e-17
7.84286	2.60863e-17
7.85143	2.57061e-17
7.86	2.45925e-17
7.86857	2.28323e-17
7.87714	2.05257e-17
7.88571	1.77811e-17
7.89429	1.47122e-17
7.90286	1.1434e-17
7.91143	8.05892e-18
7.92	4.69416e-18
7.92857	1.43864e-18
7.93714	-1.61925e-18
7.94571	-4.40348e-18
7.95429	-6.85178e-18
7.96286	-8.91639e-18
7.97143	-1.05645e-17
7.98	-1.17779e-17
7.98857	-1.25528e-17
7.99714	-1.28987e-17
8.00571	-1.28368e-17
8.01429	-1.23992e-17
8.02286	-1.16266e-17
8.03143	-1.05664e-17
8.04	-9.2715e-18
8.04857	-7.79744e-18
8.05714	-6.20114e-18
8.06571	-4.53892e-18
8.07429	-2.8649e-18
8.08286	-1.22954e-18
8.09143	3.21557e-19
8.1	1.74866e-18
8.10857	3.01863e-18
8.11714	4.10544e-18
8.12571	4.99041e-18
8.13429	5.66222e-18
8.14286	6.11669e-18
8.15143	6.35639e-18
8.16	6.39008e-18
8.16857	6.23196e-18
8.17714	5.90087e-18
8.18571	5.41939e-18
8.19429	4.81287e-18
8.20286	4.10853e-18
8.21143	3.33443e-18
8.22	2.51868e-18
8.22857	1.6885e-18
8.23714	8.69568e-19
8.24571	8.53072e-20
8.25429	-6.43603e-19
8.26286	-1.29965e-18
8.27143	-1.86878e-18
8.28	-2.34053e-18
8.28857	-2.70813e-18
8.29714	-2.96836e-18
8.30571	-3.12144e-18
8.31429	-3.17075e-18
8.32286	-3.12247e-18
8.33143	-2.98524e-18
8.34	-2.7697e-18
8.34857	-2.488e-18
8.35714	-2.15338e-18
8.36571	-1.77965e-18
8.37429	-1.38078e-18
8.38286	-9.70437e-19
8.39143	-5.61625e-19
8.4	-1.66343e-19
8.40857	2.04696e-19
8.41714	5.42287e-19
8.42571	8.38897e-19
8.43429	1.08876e-18
8.44286	1.28793e-18
8.45143	1.43424e-18
8.46	1.52726e-18
8.46857	1.56817e-18
8.47714	1.55959e-18
8.48571	1.50545e-18
8.49429	1.41069e-18
8.50286	1.28113e-18
8.51143	1.12318e-18
8.52	9.43606e-19
8.52857	7.49328e-19
8.53714	5.47187e-19
8.54571	3.43753e-19
8.55429	1.45147e-19
8.56286	-4.31025e-20
8.57143	-2.16182e-19
8.58	-3.70083e-19
8.58857	-5.01661e-19
8.59714	-6.08666e-19
8.60571	-6.89741e-19
8.61429	-7.44397e-19
8.62286	-7.72964e-19
8.63143	-7.76522e-19
8.64	-7.56811e-19
8.64857	-7.16132e-19
8.65714	-6.57238e-19
8.66571	-5.83218e-19
8.67429	-4.97381e-19
8.68286	-4.03143e-19
8.69143	-3.03915e-19
8.7	-2.03006e-19
8.70857	-1.03529e-19
8.71714	-8.32702e-21
8.72571	8.00962e-20
8.73429	1.59621e-19
8.74286	2.28547e-19
8.75143	2.85615e-19
8.76	3.3001e-19
8.76857	3.61351e-19
8.77714	3.79673e-19
8.78571	3.85394e-19
8.79429	3.79274e-19
8.80286	3.62369e-19
8.81143	3.35975e-19
8.82	3.01576e-19
8.82857	2.60779e-19
8.83714	2.15268e-19
8.84571	1.66737e-19
8.85429	1.16848e-19
8.86286	6.71784e-20
8.87143	1.91843e-20
8.88	-2.58362e-20
8.88857	-6.67687e-20
8.89714	-1.02702e-19
8.90571	-1.32941e-19
8.91429	-1.57009e-19
8.92286	-1.7465e-19
8.93143	-1.85814e-19
8.94	-1.90649e-19
8.94857	-1.89478e-19
8.95714	-1.8278e-19
8.96571	-1.71161e-19
8.97429	-1.55329e-19
8.98286	-1.36063e-19
8.99143	-1.14187e-19
9	-9.05431e-20
9.00857	-6.59613e-20
9.01714	-4.12393e-20
9.02571	-1.712e-20
9.03429	5.72649e-21
9.04286	2.67173e-20
9.05143	4.53674e-20
9.06	6.1297e-20
9.06857	7.42349e-20
9.07714	8.40185e-20
9.08571	9.05909e-20
9.09429	9.39942e-20
9.10286	9.43615e-20
9.11143	9.1906e-20
9.12	8.69088e-20
9.12857	7.97055e-20
9.13714	7.06722e-20
9.14571	6.02118e-20
9.15429	4.87394e-20
9.16286	3.66697e-20
9.17143	2.44042e-20
9.18	1.23209e-20
9.18857	7.6435e-22
9.19714	-9.962e-21
9.20571	-1.96016e-20
9.21429	-2.7949e-20
9.22286	-3.48524e-20
9.23143	-4.02137e-20
9.24	-4.39878e-20
9.24857	-4.61802e-20
9.25714	-4.68426e-20
9.26571	-4.60682e-20
9.27429	-4.39861e-20
9.28286	-4.07545e-20
9.29143	-3.65539e-20
9.3	-3.15803e-20
9.30857	-2.60381e-20
9.31714	-2.01334e-20
9.32571	-1.40681e-20
9.33429	-8.0335e-21
9.34286	-2.20627e-21
9.35143	3.25627e-21
9.36	8.2192e-21
9.36857	1.25723e-20
9.37714	1.62317e-20
9.38571	1.91402e-20
9.39429	2.12669e-20
9.40286	2.26065e-20
9.41143	2.31776e-20
9.42	2.30197e-20
9.42857	2.21915e-20
9.43714	2.0767e-20
9.44571	1.88323e-20
9.45429	1.64824e-20
9.46286	1.38176e-20
9.47143	1.09401e-20
9.48	7.95082e-21
9.48857	4.94658e-21
9.49714	2.0175e-21
9.50571	-7.55184e-22
9.51429	-3.30087e-21
9.52286	-5.56089e-21
9.53143	-7.48936e-21
9.54	-9.05362e-21
9.54857	-1.02342e-20
9.55714	-1.10244e-20
9.56571	-1.14297e-20
9.57429	-1.14665e-20
9.58286	-1.11608e-20
9.59143	-1.0547e-20
9.6	-9.66599e-21
9.60857	-8.56364e-21
9.61714	-7.28892e-21
9.62571	-5.89233e-21
9.63429	-4.42422e-21
9.64286	-2.93339e-21
9.65143	-1.46567e-21
9.66	-6.28372e-23
9.66857	1.23832e-21
9.67714	2.40677e-21
9.68571	3.41768e-21
9.69429	4.25272e-21
9.70286	4.90014e-21
9.71143	5.35461e-21
9.72	5.61688e-21
9.72857	5.69339e-21
9.73714	5.59557e-21
9.74571	5.33918e-21
9.75429	4.94353e-21
9.76286	4.43061e-21
9.77143	3.82428e-21
9.78	3.14938e-21
9.78857	2.43099e-21
9.79714	1.69359e-21
9.80571	9.60436e-22
9.81429	2.52931e-22
9.82286	-4.09854e-22
9.83143	-1.01158e-21
9.84	-1.53893e-21
9.84857	-1.98177e-21
9.85714	-2.33321e-21
9.86571	-2.58958e-21
9.87429	-2.75032e-21
9.88286	-2.8177e-21
9.89143	-2.79663e-21
9.9	-2.69426e-21
9.90857	-2.51962e-21
9.91714	-2.28321e-21
9.92571	-1.99661e-21
9.93429	-1.672e-21
9.94286	-1.32181e-21
9.95143	-9.58305e-22
9.96	-5.93233e-22
9.96857	-2.37526e-22
9.97714	9.89659e-23
9.98571	4.07693e-22
9.99429	6.81557e-22
10.0029	9.15017e-22
10.0114	1.10414e-21
10.02	1.24659e-21
10.0286	1.34159e-21
10.0371	1.38984e-21
10.0457	1.39334e-21
10.0543	1.35531e-21
10.0629	1.27993e-21
10.0714	1.17219e-21
10.08	1.03767e-21
10.0886	8.82337e-22
10.0971	7.12325e-22
10.1057	5.33755e-22
10.1143	3.5255e-22
10.1229	1.74273e-22
10.1314	3.98909e-24
10.14	-1.53846e-22
10.1486	-2.95474e-22
10.1571	-4.17897e-22
10.1657	-5.18903e-22
10.1743	-5.97081e-22
10.1829	-6.51799e-22
10.1914	-6.83168e-22
10.2	-6.91981e-22
10.2086	-6.79642e-22
10.2171	-6.48077e-22
10.2257	-5.99641e-22
10.2343	-5.37014e-22
10.2429	-4.63097e-22
10.2514	-3.80916e-22
10.26	-2.93514e-22
10.2686	-2.03866e-22
10.2771	-1.14793e-22
10.2857	-2.88938e-23
10.2943	5.15225e-23
10.3029	1.24478e-22
10.3114	1.88361e-22
10.32	2.41948e-22
10.3286	2.84413e-22
10.3371	3.15317e-22
10.3457	3.34598e-22
10.3543	3.42543e-22
10.3629	3.39753e-22
10.3714	3.27103e-22
10.38	3.05695e-22
10.3886	2.7681e-22
10.3971	2.41855e-22
10.4057	2.02315e-22
10.4143	1.59698e-22
10.4229	1.15495e-22
10.4314	7.11326e-23
10.44	2.79365e-23
10.4486	-1.28995e-23
10.4571	-5.03396e-23
10.4657	-8.35252e-23
10.4743	-1.11787e-22
10.4829	-1.34651e-22
10.4914	-1.51838e-22
10.5	-1.63259e-22
10.5086	-1.68999e-22
10.5171	-1.69309e-22
10.5257	-1.6458e-22
10.5343	-1.55323e-22
10.5429	-1.42148e-22
10.5514	-1.25734e-22
10.56	-1.06806e-22
10.5686	-8.611e-23
10.5771	-6.43905e-23
10.5857	-4.23661e-23
10.5943	-2.07119e-23
10.6029	-4.21243e-26
10.6114	1.91035e-23
10.62	3.62701e-23
10.6286	5.10952e-23
10.6371	6.33125e-23
10.6457	7.27522e-23
10.6543	7.93399e-23
10.6629	8.30907e-23
10.6714	8.41029e-23
10.68	8.25487e-23
10.6886	7.86634e-23
10.6971	7.27343e-23
10.7057	6.50877e-23
10.7143	5.60771e-23
10.7229	4.60701e-23
10.7314	3.54366e-23
10.74	2.45379e-23
10.7486	1.37166e-23
10.7571	3.28752e-24
10.7657	-6.46931e-24
10.7743	-1.53144e-23
10.7829	-2.3053e-23
10.7914	-2.95375e-23
10.8	-3.46683e-23
10.8086	-3.83933e-23
10.8171	-4.07059e-23
10.8257	-4.16418e-23
10.8343	-4.12749e-23
10.8429	-3.97122e-23
10.8514	-3.70882e-23
10.86	-3.35591e-23
10.8686	-2.92961e-23
10.8771	-2.44797e-23
10.8857	-1.92936e-23
10.8943	-1.39185e-23
10.9029	-8.52776e-24
10.9114	-3.28218e-24
10.92	1.67351e-24
10.9286	6.21389e-24
10.9371	1.02351e-23
10.9457	1.36563e-23
10.9543	1.64204e-23
10.9629	1.8494e-23
10.9714	1.98666e-23
10.98	2.05494e-23
10.9886	2.05729e-23
10.9971	1.99852e-23
11.0057	1.88487e-23
11.0143	1.72376e-23
11.0229	1.52348e-23
11.0314	1.29284e-23
11.04	1.04091e-23
11.0486	7.76739e-24
11.0571	5.0905e-24
11.0657	2.46034e-24
11.0743	-4.86033e-26
11.0829	-2.37095e-24
11.0914	-4.45166e-24
11.1	-6.24692e-24
11.1086	-7.72461e-24
11.1171	-8.86438e-24
11.1257	-9.65741e-24
11.1343	-1.01058e-23
11.1429	-1.02217e-23
11.1514	-1.00261e-23
11.16	-9.548e-24
11.1686	-8.82226e-24
11.1771	-7.88869e-24
11.1857	-6.7903e-24
11.1943	-5.57179e-24
11.2029	-4.27813e-24
11.2114	-2.95319e-24
11.22	-1.63853e-24
11.2286	-3.72349e-25
11.2371	8.11419e-25
11.2457	1.88379e-24
11.2543	2.8212e-24
11.2629	3.60584e-24
11.2714	4.22575e-24
11.28	4.67471e-24
11.2886	4.95203e-24
11.2971	5.06217e-24
11.3057	5.01421e-24
11.3143	4.82122e-24
11.3229	4.49963e-24
11.3314	4.06846e-24
11.34	3.54858e-24
11.3486	2.96192e-24
11.3571	2.33081e-24
11.3657	1.67722e-24
11.3743	1.02216e-24
11.3829	3.85172e-25
11.3914	-2.16222e-25
11.4	-7.66827e-25
11.4086	-1.25408e-24
11.4171	-1.66821e-24
11.4257	-2.00236e-24
11.4343	-2.25252e-24
11.4429	-2.41749e-24
11.4514	-2.49865e-24
11.46	-2.4998e-24
11.4686	-2.4268e-24
11.4771	-2.28728e-24
11.4857	-2.09029e-24
11.4943	-1.84592e-24
11.5029	-1.56488e-24
11.5114	-1.25823e-24
11.52	-9.36921e-25
11.5286	-6.1157e-25
11.5371	-2.92111e-25
11.5457	1.24265e-26
11.5543	2.94121e-25
11.5629	5.46312e-25
11.5714	7.63706e-25
11.58	9.42429e-25
11.5886	1.08004e-24
11.5971	1.1755e-24
11.6057	1.22908e-24
11.6143	1.2423e-24
11.6229	1.21773e-24
11.6314	1.1589e-24
11.64	1.07007e-24
11.6486	9.56099e-25
11.6571	8.22209e-25
11.6657	6.7384e-25
11.6743	5.16457e-25
11.6829	3.55387e-25
11.6914	1.95675e-25
11.7	4.19519e-26
11.7086	-1.01669e-25
11.7171	-2.31679e-25
11.7257	-3.4523e-25
11.7343	-4.40172e-25
11.7429	-5.15066e-25
11.7514	-5.69173e-25
11.76	-6.02424e-25
11.7686	-6.15372e-25
11.7771	-6.09133e-25
11.7857	-5.85306e-25
11.7943	-5.45897e-25
11.8029	-4.93223e-25
11.8114	-4.29823e-25
11.82	-3.58368e-25
11.8286	-2.81568e-25
11.8371	-2.02093e-25
11.8457	-1.22497e-25
11.8543	-4.51453e-26
11.8629	2.78353e-26
11.8714	9.46053e-26
11.88	1.53645e-25
11.8886	2.03775e-25
11.8971	2.44168e-25
11.9057	2.74346e-25
11.9143	2.94169e-25
11.9229	3.03813e-25
11.9314	3.03744e-25
11.94	2.94681e-25
11.9486	2.77556e-25
11.9571	2.53472e-25
11.9657	2.23655e-25
11.9743	1.89413e-25
11.9829	1.52085e-25
11.9914	1.13007e-25
12	7.3464e-26
12.0086	3.4663e-26
12.0171	-2.3014e-27
12.0257	-3.64697e-26
12.0343	-6.70358e-26
12.0429	-9.336e-26
12.0514	-1.14976e-25
12.06	-1.31589e-25
12.0686	-1.43078e-25
12.0771	-1.4948e-25
12.0857	-1.50981e-25
12.0943	-1.47898e-25
12.1029	-1.4066e-25
12.1114	-1.2979e-25
12.12	-1.15876e-25
12.1286	-9.95556e-26
12.1371	-8.14902e-26
12.1457	-6.23437e-26
12.1543	-4.27631e-26
12.1629	-2.33606e-26
12.1714	-4.69788e-27
12.18	1.27267e-26
12.1886	2.84883e-26
12.1971	4.22427e-26
12.2057	5.37304e-26
12.2143	6.27784e-26
12.2229	6.92987e-26
12.2314	7.32847e-26
12.24	7.48052e-26
12.2486	7.39972e-26
12.2571	7.10565e-26
12.2657	6.62275e-26
12.2743	5.97928e-26
12.2829	5.20614e-26
12.2914	4.33582e-26
12.3	3.40126e-26
12.3086	2.43491e-26
12.3171	1.46773e-26
12.3257	5.28439e-27
12.3343	-3.57185e-27
12.3429	-1.16687e-26
12.3514	-1.88222e-26
12.36	-2.48902e-26
12.3686	-2.97729e-26
12.3771	-3.34132e-26
12.3857	-3.57948e-26
12.3943	-3.69402e-26
12.4029	-3.69066e-26
12.4114	-3.5782e-26
12.42	-3.36803e-26
12.4286	-3.07358e-26
12.4371	-2.7098e-26
12.4457	-2.29258e-26
12.4543	-1.83823e-26
12.4629	-1.36294e-26
12.4714	-8.82356e-27
12.48	-4.11093e-27
12.4886	3.75707e-28
12.4971	4.5201e-27
12.5057	8.22471e-27
12.5143	1.14122e-26
12.5229	1.40264e-26
12.5314	1.60321e-26
12.54	1.74148e-26
12.5486	1.81794e-26
12.5571	1.83491e-26
12.5657	1.79625e-26
12.5743	1.70723e-26
12.5829	1.5742e-26
12.5914	1.40435e-26
12.6	1.20542e-26
12.6086	9.85461e-27
12.6171	7.52539e-27
12.6257	5.14509e-27
12.6343	2.78803e-27
12.6429	5.22316e-28
12.6514	-1.59166e-27
12.66	-3.50247e-27
12.6686	-5.1685e-27
12.6771	-6.55843e-27
12.6857	-7.65149e-27
12.6943	-8.43717e-27
12.7029	-8.9149e-27
12.7114	-9.09325e-27
12.72	-8.98902e-27
12.7286	-8.62616e-27
12.7371	-8.03451e-27
12.7457	-7.24847e-27
12.7543	-6.30569e-27
12.7629	-5.24567e-27
12.7714	-4.10846e-27
12.78	-2.93345e-27
12.7886	-1.75824e-27
12.7971	-6.17674e-28
12.8057	4.5702e-28
12.8143	1.43886e-27
12.8229	2.30561e-27
12.8314	3.04009e-27
12.84	3.63029e-27
12.8486	4.06937e-27
12.8571	4.35549e-27
12.8657	4.49144e-27
12.8743	4.4843e-27
12.8829	4.34482e-27
12.8914	4.0869e-27
12.9	3.72694e-27
12.9086	3.28312e-27
12.9171	2.77478e-27
12.9257	2.22175e-27
12.9343	1.64371e-27
12.9429	1.05963e-27
12.9514	4.87255e-28
12.96	-5.73117e-29
12.9686	-5.59992e-28
12.9771	-1.00898e-27
12.9857	-1.39494e-27
12.9943	-1.71109e-27
13.0029	-1.95321e-27
13.0114	-2.1196e-27
13.02	-2.2109e-27
13.0286	-2.22997e-27
13.0371	-2.18155e-27
13.0457	-2.07208e-27
13.0543	-1.90929e-27
13.0629	-1.70195e-27
13.0714	-1.45949e-27
13.08	-1.19168e-27
13.0886	-9.08328e-28
13.0971	-6.18975e-28
13.1057	-3.32637e-28
13.1143	-5.7576e-29
13.1229	1.98891e-28
13.1314	4.30539e-28
13.14	6.32335e-28
13.1486	8.00503e-28
13.1571	9.32544e-28
13.1657	1.02721e-27
13.1743	1.08446e-27
13.1829	1.10535e-27
13.1914	1.09195e-27
13.2	1.04719e-27
13.2086	9.74705e-28
13.2171	8.78692e-28
13.2257	7.63731e-28
13.2343	6.34626e-28
13.2429	4.96247e-28
13.2514	3.53378e-28
13.26	2.10583e-28
13.2686	7.20869e-29
13.2771	-5.83239e-29
13.2857	-1.77382e-28
13.2943	-2.82399e-28
13.3029	-3.71298e-28
13.3114	-4.42636e-28
13.32	-4.95595e-28
13.3286	-5.29962e-28
13.3371	-5.46092e-28
13.3457	-5.44851e-28
13.3543	-5.2756e-28
13.3629	-4.95914e-28
13.3714	-4.51911e-28
13.38	-3.97766e-28
13.3886	-3.35832e-28
13.3971	-2.6852e-28
13.4057	-1.98219e-28
13.4143	-1.27233e-28
13.4229	-5.77169e-29
13.4314	8.37908e-30
13.44	6.9349e-29
13.4486	1.23765e-28
13.4571	1.70497e-28
13.4657	2.0873e-28
13.4743	2.37957e-28
13.4829	2.57977e-28
13.4914	2.68876e-28
13.5	2.71004e-28
13.5086	2.64946e-28
13.5171	2.51486e-28
13.5257	2.31568e-28
13.5343	2.06259e-28
13.5429	1.76707e-28
13.5514	1.44101e-28
13.56	1.09631e-28
13.5686	7.44572e-29
13.5771	3.96733e-29
13.5857	6.28095e-30
13.5943	-2.48331e-29
13.6029	-5.29152e-29
13.6114	-7.73571e-29
13.62	-9.77032e-29
13.6286	-1.13653e-28
13.6371	-1.25059e-28
13.6457	-1.31917e-28
13.6543	-1.34361e-28
13.6629	-1.32644e-28
13.6714	-1.27124e-28
13.68	-1.18244e-28
13.6886	-1.06517e-28
13.6971	-9.24993e-29
13.7057	-7.67755e-29
13.7143	-5.99375e-29
13.7229	-4.25663e-29
13.7314	-2.5216e-29
13.74	-8.39905e-30
13.7486	7.42566e-30
13.7571	2.18625e-29
13.7657	3.45862e-29
13.7743	4.53461e-29
13.7829	5.39685e-29
13.7914	6.03556e-29
13.8	6.44831e-29
13.8086	6.63955e-29
13.8171	6.61996e-29
13.8257	6.40569e-29
13.8343	6.01744e-29
13.8429	5.47956e-29
13.8514	4.81904e-29
13.86	4.06448e-29
13.8686	3.24518e-29
13.8771	2.39021e-29
13.8857	1.52751e-29
13.8943	6.83229e-30
13.9029	-1.1899e-30
13.9114	-8.58479e-30
13.92	-1.51796e-29
13.9286	-2.0838e-29
13.9371	-2.54614e-29
13.9457	-2.89892e-29
13.9543	-3.13978e-29
13.9629	-3.26984e-29
13.9714	-3.29342e-29
13.98	-3.21769e-29
13.9886	-3.05221e-29
13.9971	-2.80852e-29
14.0057	-2.4996e-29
14.0143	-2.13942e-29
14.0229	-1.74244e-29
14.0314	-1.32313e-29
14.04	-8.9556e-30
14.0486	-4.73014e-30
14.0571	-6.76386e-31
14.0657	3.09824e-30
14.0743	6.50251e-30
14.0829	9.46289e-30
14.0914	1.19244e-29
14.1	1.3851e-29
14.1086	1.5225e-29
14.1171	1.60466e-29
14.1257	1.63321e-29
14.1343	1.61126e-29
14.1429	1.5432e-29
14.1514	1.43443e-29
14.16	1.2912e-29
14.1686	1.12028e-29
14.1771	9.28784e-30
14.1857	7.23902e-30
14.1943	5.12693e-30
14.2029	3.01881e-30
14.2114	9.76829e-31
14.22	-9.43393e-31
14.2286	-2.69395e-30
14.2371	-4.2355e-30
14.2457	-5.5378e-30
14.2543	-6.57992e-30
14.2629	-7.35018e-30
14.2714	-7.84582e-30
14.28	-8.07244e-30
14.2886	-8.04316e-30
14.2971	-7.77774e-30
14.3057	-7.30148e-30
14.3143	-6.64403e-30
14.3229	-5.83826e-30
14.3314	-4.91898e-30
14.34	-3.92181e-30
14.3486	-2.88203e-30
14.3571	-1.8336e-30
14.3657	-8.08223e-31
14.3743	1.6543e-31
14.3829	1.06233e-30
14.3914	1.86156e-30
14.4	2.54665e-30
14.4086	3.10573e-30
14.4171	3.53154e-30
14.4257	3.82129e-30
14.4343	3.97644e-30
14.4429	4.00233e-30
14.4514	3.90773e-30
14.46	3.70433e-30
14.4686	3.40619e-30
14.4771	3.02914e-30
14.4857	2.59017e-30
14.4943	2.10685e-30
14.5029	1.59678e-30
14.5114	1.07705e-30
14.52	5.6376e-31
14.5286	7.16492e-32
14.5371	-3.86266e-31
14.5457	-7.98944e-31
14.5543	-1.15749e-30
14.5629	-1.45529e-30
14.5714	-1.68799e-30
14.58	-1.85351e-30
14.5886	-1.9519e-30
14.5971	-1.98519e-30
14.6057	-1.95721e-30
14.6143	-1.87331e-30
14.6229	-1.7401e-30
14.6314	-1.56517e-30
14.64	-1.35677e-30
14.6486	-1.12355e-30
14.6571	-8.74261e-31
14.6657	-6.17464e-31
14.6743	-3.61325e-31
14.6829	-1.13384e-31
14.6914	1.19619e-31
14.7	3.31882e-31
14.7086	5.18647e-31
14.7171	6.76262e-31
14.7257	8.0221e-31
14.7343	8.95094e-31
14.7429	9.54605e-31
14.7514	9.8144e-31
14.76	9.77218e-31
14.7686	9.44354e-31
14.7771	8.85937e-31
14.7857	8.05583e-31
14.7943	7.07291e-31
14.8029	5.95298e-31
14.8114	4.73932e-31
14.82	3.47482e-31
14.8286	2.20069e-31
14.8371	9.55391e-32
14.8457	-2.26313e-32
14.8543	-1.3141e-31
14.8629	-2.28268e-31
14.8714	-3.11214e-31
14.88	-3.78819e-31
14.8886	-4.30211e-31
14.8971	-4.65064e-31
14.9057	-4.83566e-31
14.9143	-4.86375e-31
14.9229	-4.74567e-31
14.9314	-4.49571e-31
14.94	-4.13099e-31
14.9486	-3.67079e-31
14.9571	-3.13581e-31
14.9657	-2.54739e-31
14.9743	-1.92693e-31
14.9829	-1.29517e-31
14.9914	-6.71663e-32
