-15	2.57587e-27
-14.95	3.22133e-27
-14.9	4.02853e-27
-14.85	5.038e-27
-14.8	6.30042e-27
-14.75	7.87917e-27
-14.7	9.85353e-27
-14.65	1.23226e-26
-14.6	1.54104e-26
-14.55	1.92719e-26
-14.5	2.41011e-26
-14.45	3.01403e-26
-14.4	3.76928e-26
-14.35	4.71379e-26
-14.3	5.89496e-26
-14.25	7.37212e-26
-14.2	9.21942e-26
-14.15	1.15296e-25
-14.1	1.44187e-25
-14.05	1.80317e-25
-14	2.25501e-25
-13.95	2.82007e-25
-13.9	3.52672e-25
-13.85	4.41044e-25
-13.8	5.51561e-25
-13.75	6.8977e-25
-13.7	8.62612e-25
-13.65	1.07876e-24
-13.6	1.34908e-24
-13.55	1.68713e-24
-13.5	2.10989e-24
-13.45	2.63859e-24
-13.4	3.29976e-24
-13.35	4.12662e-24
-13.3	5.16066e-24
-13.25	6.45381e-24
-13.2	8.071e-24
-13.15	1.00934e-23
-13.1	1.26226e-23
-13.05	1.57856e-23
-13	1.97411e-23
-12.95	2.46879e-23
-12.9	3.08741e-23
-12.85	3.86105e-23
-12.8	4.82855e-23
-12.75	6.03849e-23
-12.7	7.55161e-23
-12.65	9.44389e-23
-12.6	1.18103e-22
-12.55	1.47698e-22
-12.5	1.84707e-22
-12.45	2.30991e-22
-12.4	2.88873e-22
-12.35	3.61258e-22
-12.3	4.51782e-22
-12.25	5.64989e-22
-12.2	7.06564e-22
-12.15	8.83614e-22
-12.1	1.10503e-21
-12.05	1.38193e-21
-12	1.72821e-21
-11.95	2.16126e-21
-11.9	2.70283e-21
-11.85	3.3801e-21
-11.8	4.22709e-21
-11.75	5.28631e-21
-11.7	6.61094e-21
-11.65	8.26751e-21
-11.6	1.03392e-20
-11.55	1.293e-20
-11.5	1.61699e-20
-11.45	2.02218e-20
-11.4	2.52889e-20
-11.35	3.16258e-20
-11.3	3.95506e-20
-11.25	4.94612e-20
-11.2	6.18551e-20
-11.15	7.73547e-20
-11.1	9.67382e-20
-11.05	1.20979e-19
-11	1.51294e-19
-10.95	1.89205e-19
-10.9	2.36615e-19
-10.85	2.95906e-19
-10.8	3.70054e-19
-10.75	4.62782e-19
-10.7	5.78745e-19
-10.65	7.23767e-19
-10.6	9.05128e-19
-10.55	1.13193e-18
-10.5	1.41557e-18
-10.45	1.77029e-18
-10.4	2.21388e-18
-10.35	2.76864e-18
-10.3	3.4624e-18
-10.25	4.33e-18
-10.2	5.41501e-18
-10.15	6.7719e-18
-10.1	8.4688e-18
-10.05	1.05909e-17
-10	1.32448e-17
-9.95	1.65636e-17
-9.9	2.07141e-17
-9.85	2.59047e-17
-9.8	3.23958e-17
-9.75	4.05135e-17
-9.7	5.06654e-17
-9.65	6.33611e-17
-9.6	7.92381e-17
-9.55	9.90935e-17
-9.5	1.23924e-16
-9.45	1.54977e-16
-9.4	1.93811e-16
-9.35	2.42376e-16
-9.3	3.03111e-16
-9.25	3.79064e-16
-9.2	4.74049e-16
-9.15	5.92836e-16
-9.1	7.41389e-16
-9.05	9.27165e-16
-9	1.15949e-15
-8.95	1.45004e-15
-8.9	1.81339e-15
-8.85	2.26778e-15
-8.8	2.83604e-15
-8.75	3.5467e-15
-8.7	4.43543e-15
-8.65	5.54685e-15
-8.6	6.93678e-15
-8.55	8.67499e-15
-8.5	1.08488e-14
-8.45	1.35672e-14
-8.4	1.69669e-14
-8.35	2.12185e-14
-8.3	2.65354e-14
-8.25	3.31846e-14
-8.2	4.14999e-14
-8.15	5.1899e-14
-8.1	6.49038e-14
-8.05	8.11673e-14
-8	1.01506e-13
-7.95	1.26941e-13
-7.9	1.5875e-13
-7.85	1.9853e-13
-7.8	2.48277e-13
-7.75	3.1049e-13
-7.7	3.88293e-13
-7.65	4.85591e-13
-7.6	6.0727e-13
-7.55	7.59439e-13
-7.5	9.49739e-13
-7.45	1.18772e-12
-7.4	1.48534e-12
-7.35	1.85754e-12
-7.3	2.323e-12
-7.25	2.90509e-12
-7.2	3.63305e-12
-7.15	4.54342e-12
-7.1	5.6819e-12
-7.05	7.10567e-12
-7	8.8862e-12
-6.95	1.11129e-11
-6.9	1.38976e-11
-6.85	1.738e-11
-6.8	2.17351e-11
-6.75	2.71814e-11
-6.7	3.39925e-11
-6.65	4.25103e-11
-6.6	5.31625e-11
-6.55	6.6484e-11
-6.5	8.31435e-11
-6.45	1.03977e-10
-6.4	1.30032e-10
-6.35	1.62615e-10
-6.3	2.03363e-10
-6.25	2.54322e-10
-6.2	3.1805e-10
-6.15	3.97747e-10
-6.1	4.97414e-10
-6.05	6.22055e-10
-6	7.77929e-10
-5.95	9.72862e-10
-5.9	1.21664e-09
-5.85	1.52151e-09
-5.8	1.90276e-09
-5.75	2.37956e-09
-5.7	2.97582e-09
-5.65	3.7215e-09
-5.6	4.65404e-09
-5.55	5.82024e-09
-5.5	7.27867e-09
-5.45	9.10256e-09
-5.4	1.13835e-08
-5.35	1.42359e-08
-5.3	1.78032e-08
-5.25	2.22643e-08
-5.2	2.78432e-08
-5.15	3.48201e-08
-5.1	4.35453e-08
-5.05	5.44569e-08
-5	6.81027e-08
-4.95	8.51678e-08
-4.9	1.06509e-07
-4.85	1.33198e-07
-4.8	1.66575e-07
-4.75	2.08315e-07
-4.7	2.60514e-07
-4.65	3.25794e-07
-4.6	4.07431e-07
-4.55	5.09524e-07
-4.5	6.372e-07
-4.45	7.96869e-07
-4.4	9.96548e-07
-4.35	1.24626e-06
-4.3	1.55855e-06
-4.25	1.94909e-06
-4.2	2.43749e-06
-4.15	3.04827e-06
-4.1	3.81211e-06
-4.05	4.76734e-06
-4	5.96193e-06
-3.95	7.45586e-06
-3.9	9.32413e-06
-3.85	1.16606e-05
-3.8	1.45824e-05
-3.75	1.82364e-05
-3.7	2.28061e-05
-3.65	2.85207e-05
-3.6	3.56673e-05
-3.55	4.46046e-05
-3.5	5.57812e-05
-3.45	6.97583e-05
-3.4	8.72376e-05
-3.35	0.000109096
-3.3	0.000136432
-3.25	0.000170616
-3.2	0.000213364
-3.15	0.000266821
-3.1	0.00033367
-3.05	0.000417263
-3	0.000521794
-2.95	0.000652502
-2.9	0.000815938
-2.85	0.00102029
-2.8	0.00127579
-2.75	0.00159522
-2.7	0.00199455
-2.65	0.00249372
-2.6	0.00311762
-2.55	0.00389731
-2.5	0.00487152
-2.45	0.0060885
-2.4	0.00760833
-2.35	0.00950574
-2.3	0.0118735
-2.25	0.0148266
-2.2	0.0185073
-2.15	0.0230911
-2.1	0.0287934
-2.05	0.0358779
-2	0.0446653
-1.95	0.0555427
-1.9	0.0689729
-1.85	0.0855023
-1.8	0.105766
-1.75	0.130485
-1.7	0.160456
-1.65	0.196518
-1.6	0.239501
-1.55	0.29014
-1.5	0.348938
-1.45	0.416001
-1.4	0.490813
-1.35	0.572009
-1.3	0.657167
-1.25	0.7427
-1.2	0.823931
-1.15	0.895429
-1.1	0.951621
-1.05	0.987603
-1	1
-0.95	0.987603
-0.9	0.951621
-0.85	0.895429
-0.8	0.823931
-0.75	0.7427
-0.7	0.657167
-0.65	0.572009
-0.6	0.490813
-0.55	0.416001
-0.5	0.348938
-0.45	0.29014
-0.4	0.239501
-0.35	0.196518
-0.3	0.160456
-0.25	0.130485
-0.2	0.105766
-0.15	0.0855023
-0.1	0.0689729
-0.05	0.0555427
0	0.0446653
0.05	0.0358779
0.1	0.0287934
0.15	0.0230911
0.2	0.0185073
0.25	0.0148266
0.3	0.0118735
0.35	0.00950574
0.4	0.00760833
0.45	0.0060885
0.5	0.00487152
0.55	0.00389731
0.6	0.00311762
0.65	0.00249372
0.7	0.00199455
0.75	0.00159522
0.8	0.00127579
0.85	0.00102029
0.9	0.000815938
0.95	0.000652502
1	0.000521794
1.05	0.000417263
1.1	0.00033367
1.15	0.000266821
1.2	0.000213364
1.25	0.000170616
1.3	0.000136432
1.35	0.000109096
1.4	8.72376e-05
1.45	6.97583e-05
1.5	5.57812e-05
1.55	4.46046e-05
1.6	3.56673e-05
1.65	2.85207e-05
1.7	2.28061e-05
1.75	1.82364e-05
1.8	1.45824e-05
1.85	1.16606e-05
1.9	9.32413e-06
1.95	7.45586e-06
2	5.96193e-06
2.05	4.76734e-06
2.1	3.81211e-06
2.15	3.04827e-06
2.2	2.43749e-06
2.25	1.94909e-06
2.3	1.55855e-06
2.35	1.24626e-06
2.4	9.96548e-07
2.45	7.96869e-07
2.5	6.372e-07
2.55	5.09524e-07
2.6	4.07431e-07
2.65	3.25794e-07
2.7	2.60514e-07
2.75	2.08315e-07
2.8	1.66575e-07
2.85	1.33198e-07
2.9	1.06509e-07
2.95	8.51678e-08
3	6.81027e-08
3.05	5.44569e-08
3.1	4.35453e-08
3.15	3.48201e-08
3.2	2.78432e-08
3.25	2.22643e-08
3.3	1.78032e-08
3.35	1.42359e-08
3.4	1.13835e-08
3.45	9.10256e-09
3.5	7.27867e-09
3.55	5.82024e-09
3.6	4.65404e-09
3.65	3.7215e-09
3.7	2.97582e-09
3.75	2.37956e-09
3.8	1.90276e-09
3.85	1.52151e-09
3.9	1.21664e-09
3.95	9.72862e-10
4	7.77929e-10
4.05	6.22055e-10
4.1	4.97414e-10
4.15	3.97747e-10
4.2	3.1805e-10
4.25	2.54322e-10
4.3	2.03363e-10
4.35	1.62615e-10
4.4	1.30032e-10
4.45	1.03977e-10
4.5	8.31435e-11
4.55	6.6484e-11
4.6	5.31625e-11
4.65	4.25103e-11
4.7	3.39925e-11
4.75	2.71814e-11
4.8	2.17351e-11
4.85	1.738e-11
4.9	1.38976e-11
4.95	1.11129e-11
5	8.8862e-12
5.05	7.10567e-12
5.1	5.6819e-12
5.15	4.54342e-12
5.2	3.63305e-12
5.25	2.90509e-12
5.3	2.323e-12
5.35	1.85754e-12
5.4	1.48534e-12
5.45	1.18772e-12
5.5	9.49739e-13
5.55	7.59439e-13
5.6	6.0727e-13
5.65	4.85591e-13
5.7	3.88293e-13
5.75	3.1049e-13
5.8	2.48277e-13
5.85	1.9853e-13
5.9	1.5875e-13
5.95	1.26941e-13
6	1.01506e-13
6.05	8.11673e-14
6.1	6.49038e-14
6.15	5.1899e-14
6.2	4.14999e-14
6.25	3.31846e-14
6.3	2.65354e-14
6.35	2.12185e-14
6.4	1.69669e-14
6.45	1.35672e-14
6.5	1.08488e-14
6.55	8.67499e-15
6.6	6.93678e-15
6.65	5.54685e-15
6.7	4.43543e-15
6.75	3.5467e-15
6.8	2.83604e-15
6.85	2.26778e-15
6.9	1.81339e-15
6.95	1.45004e-15
7	1.15949e-15
7.05	9.27165e-16
7.1	7.41389e-16
7.15	5.92836e-16
7.2	4.74049e-16
7.25	3.79064e-16
7.3	3.03111e-16
7.35	2.42376e-16
7.4	1.93811e-16
7.45	1.54977e-16
7.5	1.23924e-16
7.55	9.90935e-17
7.6	7.92381e-17
7.65	6.33611e-17
7.7	5.06654e-17
7.75	4.05135e-17
7.8	3.23958e-17
7.85	2.59047e-17
7.9	2.07141e-17
7.95	1.65636e-17
8	1.32448e-17
8.05	1.05909e-17
8.1	8.4688e-18
8.15	6.7719e-18
8.2	5.41501e-18
8.25	4.33e-18
8.3	3.4624e-18
8.35	2.76864e-18
8.4	2.21388e-18
8.45	1.77029e-18
8.5	1.41557e-18
8.55	1.13193e-18
8.6	9.05128e-19
8.65	7.23767e-19
8.7	5.78745e-19
8.75	4.62782e-19
8.8	3.70054e-19
8.85	2.95906e-19
8.9	2.36615e-19
8.95	1.89205e-19
9	1.51294e-19
9.05	1.20979e-19
9.1	9.67382e-20
9.15	7.73547e-20
9.2	6.18551e-20
9.25	4.94612e-20
9.3	3.95506e-20
9.35	3.16258e-20
9.4	2.52889e-20
9.45	2.02218e-20
9.5	1.61699e-20
9.55	1.293e-20
9.6	1.03392e-20
9.65	8.26751e-21
9.7	6.61094e-21
9.75	5.28631e-21
9.8	4.22709e-21
9.85	3.3801e-21
9.9	2.70283e-21
9.95	2.16126e-21
10	1.72821e-21
10.05	1.38193e-21
10.1	1.10503e-21
10.15	8.83614e-22
10.2	7.06564e-22
10.25	5.64989e-22
10.3	4.51782e-22
10.35	3.61258e-22
10.4	2.88873e-22
10.45	2.30991e-22
10.5	1.84707e-22
10.55	1.47698e-22
10.6	1.18103e-22
10.65	9.44389e-23
10.7	7.55161e-23
10.75	6.03849e-23
10.8	4.82855e-23
10.85	3.86105e-23
10.9	3.08741e-23
10.95	2.46879e-23
11	1.97411e-23
11.05	1.57856e-23
11.1	1.26226e-23
11.15	1.00934e-23
11.2	8.071e-24
11.25	6.45381e-24
11.3	5.16066e-24
11.35	4.12662e-24
11.4	3.29976e-24
11.45	2.63859e-24
11.5	2.10989e-24
11.55	1.68713e-24
11.6	1.34908e-24
11.65	1.07876e-24
11.7	8.62612e-25
11.75	6.8977e-25
11.8	5.51561e-25
11.85	4.41044e-25
11.9	3.52672e-25
11.95	2.82007e-25
12	2.25501e-25
12.05	1.80317e-25
12.1	1.44187e-25
12.15	1.15296e-25
12.2	9.21942e-26
12.25	7.37212e-26
12.3	5.89496e-26
12.35	4.71379e-26
12.4	3.76928e-26
12.45	3.01403e-26
12.5	2.41011e-26
12.55	1.92719e-26
12.6	1.54104e-26
12.65	1.23226e-26
12.7	9.85353e-27
12.75	7.87917e-27
12.8	6.30042e-27
12.85	5.038e-27
12.9	4.02853e-27
12.95	3.22133e-27
13	2.57587e-27
13.05	2.05974e-27
13.1	1.64703e-27
13.15	1.31702e-27
13.2	1.05312e-27
13.25	8.42109e-28
13.3	6.73375e-28
13.35	5.38451e-28
13.4	4.30561e-28
13.45	3.44289e-28
13.5	2.75304e-28
13.55	2.20141e-28
13.6	1.76031e-28
13.65	1.4076e-28
13.7	1.12556e-28
13.75	9.00029e-29
13.8	7.1969e-29
13.85	5.75485e-29
13.9	4.60175e-29
13.95	3.67969e-29
14	2.94239e-29
14.05	2.35282e-29
14.1	1.88139e-29
14.15	1.50441e-29
14.2	1.20297e-29
14.25	9.61932e-30
14.3	7.69189e-30
14.35	6.15067e-30
14.4	4.91825e-30
14.45	3.93278e-30
14.5	3.14477e-30
14.55	2.51465e-30
14.6	2.01079e-30
14.65	1.60788e-30
14.7	1.28571e-30
14.75	1.02809e-30
14.8	8.22094e-31
14.85	6.5737e-31
14.9	5.25653e-31
14.95	4.20327e-31
