-15	6.17784e-131
-14.95	1.67931e-130
-14.9	4.56484e-130
-14.85	1.24085e-129
-14.8	3.37299e-129
-14.75	9.16873e-129
-14.7	2.49232e-128
-14.65	6.77482e-128
-14.6	1.84159e-127
-14.55	5.00596e-127
-14.5	1.36076e-126
-14.45	3.69893e-126
-14.4	1.00547e-125
-14.35	2.73316e-125
-14.3	7.4295e-125
-14.25	2.01955e-124
-14.2	5.4897e-124
-14.15	1.49225e-123
-14.1	4.05637e-123
-14.05	1.10264e-122
-14	2.99727e-122
-13.95	8.14743e-122
-13.9	2.2147e-121
-13.85	6.02018e-121
-13.8	1.63646e-120
-13.75	4.44835e-120
-13.7	1.20919e-119
-13.65	3.28691e-119
-13.6	8.93475e-119
-13.55	2.42872e-118
-13.5	6.60193e-118
-13.45	1.79459e-117
-13.4	4.87821e-117
-13.35	1.32603e-116
-13.3	3.60453e-116
-13.25	9.79814e-116
-13.2	2.66341e-115
-13.15	7.2399e-115
-13.1	1.96801e-114
-13.05	5.3496e-114
-13	1.45417e-113
-12.95	3.95285e-113
-12.9	1.0745e-112
-12.85	2.92078e-112
-12.8	7.93951e-112
-12.75	2.15818e-111
-12.7	5.86655e-111
-12.65	1.59469e-110
-12.6	4.33483e-110
-12.55	1.17833e-109
-12.5	3.20303e-109
-12.45	8.70673e-109
-12.4	2.36674e-108
-12.35	6.43345e-108
-12.3	1.74879e-107
-12.25	4.75372e-107
-12.2	1.29219e-106
-12.15	3.51255e-106
-12.1	9.54809e-106
-12.05	2.59544e-105
-12	7.05514e-105
-11.95	1.91779e-104
-11.9	5.21308e-104
-11.85	1.41706e-103
-11.8	3.85198e-103
-11.75	1.04708e-102
-11.7	2.84625e-102
-11.65	7.7369e-102
-11.6	2.10311e-101
-11.55	5.71684e-101
-11.5	1.554e-100
-11.45	4.2242e-100
-11.4	1.14826e-99
-11.35	3.12129e-99
-11.3	8.48454e-99
-11.25	2.30634e-98
-11.2	6.26927e-98
-11.15	1.70417e-97
-11.1	4.6324e-97
-11.05	1.25922e-96
-11	3.42291e-96
-10.95	9.30443e-96
-10.9	2.52921e-95
-10.85	6.87509e-95
-10.8	1.86884e-94
-10.75	5.08005e-94
-10.7	1.3809e-93
-10.65	3.75367e-93
-10.6	1.02035e-92
-10.55	2.77361e-92
-10.5	7.53946e-92
-10.45	2.04944e-91
-10.4	5.57095e-91
-10.35	1.51434e-90
-10.3	4.1164e-90
-10.25	1.11895e-89
-10.2	3.04163e-89
-10.15	8.26802e-89
-10.1	2.24748e-88
-10.05	6.10928e-88
-10	1.66068e-87
-9.95	4.51418e-87
-9.9	1.22708e-86
-9.85	3.33556e-86
-9.8	9.06698e-86
-9.75	2.46466e-85
-9.7	6.69964e-85
-9.65	1.82115e-84
-9.6	4.9504e-84
-9.55	1.34566e-83
-9.5	3.65788e-83
-9.45	9.94315e-83
-9.4	2.70283e-82
-9.35	7.34705e-82
-9.3	1.99714e-81
-9.25	5.42878e-81
-9.2	1.47569e-80
-9.15	4.01135e-80
-9.1	1.0904e-79
-9.05	2.96401e-79
-9	8.05702e-79
-8.95	2.19013e-78
-8.9	5.95338e-78
-8.85	1.6183e-77
-8.8	4.39898e-77
-8.75	1.19577e-76
-8.7	3.25043e-76
-8.65	8.8356e-76
-8.6	2.40176e-75
-8.55	6.52867e-75
-8.5	1.77468e-74
-8.45	4.82407e-74
-8.4	1.31132e-73
-8.35	3.56453e-73
-8.3	9.68941e-73
-8.25	2.63385e-72
-8.2	7.15956e-72
-8.15	1.94617e-71
-8.1	5.29024e-71
-8.05	1.43804e-70
-8	3.90899e-70
-7.95	1.06257e-69
-7.9	2.88837e-69
-7.85	7.85141e-69
-7.8	2.13423e-68
-7.75	5.80145e-68
-7.7	1.577e-67
-7.65	4.28672e-67
-7.6	1.16525e-66
-7.55	3.16748e-66
-7.5	8.61012e-66
-7.45	2.34047e-65
-7.4	6.36206e-65
-7.35	1.72939e-64
-7.3	4.70096e-64
-7.25	1.27785e-63
-7.2	3.47357e-63
-7.15	9.44214e-63
-7.1	2.56664e-62
-7.05	6.97685e-62
-7	1.8965e-61
-6.95	5.15523e-61
-6.9	1.40134e-60
-6.85	3.80923e-60
-6.8	1.03546e-59
-6.75	2.81466e-59
-6.7	7.65104e-59
-6.65	2.07977e-58
-6.6	5.6534e-58
-6.55	1.53675e-57
-6.5	4.17733e-57
-6.45	1.13552e-56
-6.4	3.08665e-56
-6.35	8.39039e-56
-6.3	2.28074e-55
-6.25	6.1997e-55
-6.2	1.68525e-54
-6.15	4.581e-54
-6.1	1.24524e-53
-6.05	3.38492e-53
-6	9.20118e-53
-5.95	2.50114e-52
-5.9	6.7988e-52
-5.85	1.84811e-51
-5.8	5.02367e-51
-5.75	1.36558e-50
-5.7	3.71202e-50
-5.65	1.00903e-49
-5.6	2.74283e-49
-5.55	7.45579e-49
-5.5	2.02669e-48
-5.45	5.50913e-48
-5.4	1.49754e-47
-5.35	4.07072e-47
-5.3	1.10654e-46
-5.25	3.00788e-46
-5.2	8.17627e-46
-5.15	2.22254e-45
-5.1	6.04149e-45
-5.05	1.64225e-44
-5	4.46409e-44
-4.95	1.21347e-43
-4.9	3.29854e-43
-4.85	8.96637e-43
-4.8	2.43731e-42
-4.75	6.6253e-42
-4.7	1.80094e-41
-4.65	4.89547e-41
-4.6	1.33073e-40
-4.55	3.61729e-40
-4.5	9.83282e-40
-4.45	2.67284e-39
-4.4	7.26552e-39
-4.35	1.97497e-38
-4.3	5.36854e-38
-4.25	1.45932e-37
-4.2	3.96684e-37
-4.15	1.0783e-36
-4.1	2.93112e-36
-4.05	7.96761e-36
-4	2.16582e-35
-3.95	5.88731e-35
-3.9	1.60034e-34
-3.85	4.35017e-34
-3.8	1.1825e-33
-3.75	3.21436e-33
-3.7	8.73755e-33
-3.65	2.37511e-32
-3.6	6.45622e-32
-3.55	1.75498e-31
-3.5	4.77054e-31
-3.45	1.29677e-30
-3.4	3.52498e-30
-3.35	9.58189e-30
-3.3	2.60463e-29
-3.25	7.08011e-29
-3.2	1.92457e-28
-3.15	5.23153e-28
-3.1	1.42208e-27
-3.05	3.86561e-27
-3	1.05078e-26
-2.95	2.85632e-26
-2.9	7.76428e-26
-2.85	2.11055e-25
-2.8	5.73707e-25
-2.75	1.5595e-24
-2.7	4.23915e-24
-2.65	1.15232e-23
-2.6	3.13233e-23
-2.55	8.51457e-23
-2.5	2.3145e-22
-2.45	6.29146e-22
-2.4	1.7102e-21
-2.35	4.6488e-21
-2.3	1.26367e-20
-2.25	3.43502e-20
-2.2	9.33736e-20
-2.15	2.53816e-19
-2.1	6.89943e-19
-2.05	1.87546e-18
-2	5.09803e-18
-1.95	1.38579e-17
-1.9	3.76696e-17
-1.85	1.02397e-16
-1.8	2.78343e-16
-1.75	7.56614e-16
-1.7	2.05669e-15
-1.65	5.59066e-15
-1.6	1.5197e-14
-1.55	4.13097e-14
-1.5	1.12291e-13
-1.45	3.0524e-13
-1.4	8.29728e-13
-1.35	2.25543e-12
-1.3	6.13091e-12
-1.25	1.66655e-11
-1.2	4.53016e-11
-1.15	1.23143e-10
-1.1	3.34736e-10
-1.05	9.09907e-10
-1	2.47338e-09
-0.95	6.72336e-09
-0.9	1.8276e-08
-0.85	4.96792e-08
-0.8	1.35042e-07
-0.75	3.67083e-07
-0.7	9.97833e-07
-0.65	2.71238e-06
-0.6	7.37296e-06
-0.55	2.00414e-05
-0.5	5.4475e-05
-0.45	0.000148055
-0.4	0.000402285
-0.35	0.00109227
-0.3	0.00295981
-0.25	0.00797767
-0.2	0.0211952
-0.15	0.054212
-0.1	0.125992
-0.05	0.235934
0	0.3
0.05	0.235934
0.1	0.125992
0.15	0.054212
0.2	0.0211952
0.25	0.00797767
0.3	0.00295981
0.35	0.00109227
0.4	0.000402285
0.45	0.000148055
0.5	5.4475e-05
0.55	2.00414e-05
0.6	7.37296e-06
0.65	2.71238e-06
0.7	9.97833e-07
0.75	3.67083e-07
0.8	1.35042e-07
0.85	4.96792e-08
0.9	1.8276e-08
0.95	6.72336e-09
1	2.47338e-09
1.05	9.09907e-10
1.1	3.34736e-10
1.15	1.23143e-10
1.2	4.53016e-11
1.25	1.66655e-11
1.3	6.13091e-12
1.35	2.25543e-12
1.4	8.29728e-13
1.45	3.0524e-13
1.5	1.12291e-13
1.55	4.13097e-14
1.6	1.5197e-14
1.65	5.59066e-15
1.7	2.05669e-15
1.75	7.56614e-16
1.8	2.78343e-16
1.85	1.02397e-16
1.9	3.76696e-17
1.95	1.38579e-17
2	5.09803e-18
2.05	1.87546e-18
2.1	6.89943e-19
2.15	2.53816e-19
2.2	9.33736e-20
2.25	3.43502e-20
2.3	1.26367e-20
2.35	4.6488e-21
2.4	1.7102e-21
2.45	6.29146e-22
2.5	2.3145e-22
2.55	8.51457e-23
2.6	3.13233e-23
2.65	1.15232e-23
2.7	4.23915e-24
2.75	1.5595e-24
2.8	5.73707e-25
2.85	2.11055e-25
2.9	7.76428e-26
2.95	2.85632e-26
3	1.05078e-26
3.05	3.86561e-27
3.1	1.42208e-27
3.15	5.23153e-28
3.2	1.92457e-28
3.25	7.08011e-29
3.3	2.60463e-29
3.35	9.58189e-30
3.4	3.52498e-30
3.45	1.29677e-30
3.5	4.77054e-31
3.55	1.75498e-31
3.6	6.45622e-32
3.65	2.37511e-32
3.7	8.73755e-33
3.75	3.21436e-33
3.8	1.1825e-33
3.85	4.35017e-34
3.9	1.60034e-34
3.95	5.88731e-35
4	2.16582e-35
4.05	7.96761e-36
4.1	2.93112e-36
4.15	1.0783e-36
4.2	3.96684e-37
4.25	1.45932e-37
4.3	5.36854e-38
4.35	1.97497e-38
4.4	7.26552e-39
4.45	2.67284e-39
4.5	9.83282e-40
4.55	3.61729e-40
4.6	1.33073e-40
4.65	4.89547e-41
4.7	1.80094e-41
4.75	6.6253e-42
4.8	2.43731e-42
4.85	8.96637e-43
4.9	3.29854e-43
4.95	1.21347e-43
5	4.46409e-44
5.05	1.64225e-44
5.1	6.04149e-45
5.15	2.22254e-45
5.2	8.17627e-46
5.25	3.00788e-46
5.3	1.10654e-46
5.35	4.07072e-47
5.4	1.49754e-47
5.45	5.50913e-48
5.5	2.02669e-48
5.55	7.45579e-49
5.6	2.74283e-49
5.65	1.00903e-49
5.7	3.71202e-50
5.75	1.36558e-50
5.8	5.02367e-51
5.85	1.84811e-51
5.9	6.7988e-52
5.95	2.50114e-52
6	9.20118e-53
6.05	3.38492e-53
6.1	1.24524e-53
6.15	4.581e-54
6.2	1.68525e-54
6.25	6.1997e-55
6.3	2.28074e-55
6.35	8.39039e-56
6.4	3.08665e-56
6.45	1.13552e-56
6.5	4.17733e-57
6.55	1.53675e-57
6.6	5.6534e-58
6.65	2.07977e-58
6.7	7.65104e-59
6.75	2.81466e-59
6.8	1.03546e-59
6.85	3.80923e-60
6.9	1.40134e-60
6.95	5.15523e-61
7	1.8965e-61
7.05	6.97685e-62
7.1	2.56664e-62
7.15	9.44214e-63
7.2	3.47357e-63
7.25	1.27785e-63
7.3	4.70096e-64
7.35	1.72939e-64
7.4	6.36206e-65
7.45	2.34047e-65
7.5	8.61012e-66
7.55	3.16748e-66
7.6	1.16525e-66
7.65	4.28672e-67
7.7	1.577e-67
7.75	5.80145e-68
7.8	2.13423e-68
7.85	7.85141e-69
7.9	2.88837e-69
7.95	1.06257e-69
8	3.90899e-70
8.05	1.43804e-70
8.1	5.29024e-71
8.15	1.94617e-71
8.2	7.15956e-72
8.25	2.63385e-72
8.3	9.68941e-73
8.35	3.56453e-73
8.4	1.31132e-73
8.45	4.82407e-74
8.5	1.77468e-74
8.55	6.52867e-75
8.6	2.40176e-75
8.65	8.8356e-76
8.7	3.25043e-76
8.75	1.19577e-76
8.8	4.39898e-77
8.85	1.6183e-77
8.9	5.95338e-78
8.95	2.19013e-78
9	8.05702e-79
9.05	2.96401e-79
9.1	1.0904e-79
9.15	4.01135e-80
9.2	1.47569e-80
9.25	5.42878e-81
9.3	1.99714e-81
9.35	7.34705e-82
9.4	2.70283e-82
9.45	9.94315e-83
9.5	3.65788e-83
9.55	1.34566e-83
9.6	4.9504e-84
9.65	1.82115e-84
9.7	6.69964e-85
9.75	2.46466e-85
9.8	9.06698e-86
9.85	3.33556e-86
9.9	1.22708e-86
9.95	4.51418e-87
10	1.66068e-87
10.05	6.10928e-88
10.1	2.24748e-88
10.15	8.26802e-89
10.2	3.04163e-89
10.25	1.11895e-89
10.3	4.1164e-90
10.35	1.51434e-90
10.4	5.57095e-91
10.45	2.04944e-91
10.5	7.53946e-92
10.55	2.77361e-92
10.6	1.02035e-92
10.65	3.75367e-93
10.7	1.3809e-93
10.75	5.08005e-94
10.8	1.86884e-94
10.85	6.87509e-95
10.9	2.52921e-95
10.95	9.30443e-96
11	3.42291e-96
11.05	1.25922e-96
11.1	4.6324e-97
11.15	1.70417e-97
11.2	6.26927e-98
11.25	2.30634e-98
11.3	8.48454e-99
11.35	3.12129e-99
11.4	1.14826e-99
11.45	4.2242e-100
11.5	1.554e-100
11.55	5.71684e-101
11.6	2.10311e-101
11.65	7.7369e-102
11.7	2.84625e-102
11.75	1.04708e-102
11.8	3.85198e-103
11.85	1.41706e-103
11.9	5.21308e-104
11.95	1.91779e-104
12	7.05514e-105
12.05	2.59544e-105
12.1	9.54809e-106
12.15	3.51255e-106
12.2	1.29219e-106
12.25	4.75372e-107
12.3	1.74879e-107
12.35	6.43345e-108
12.4	2.36674e-108
12.45	8.70673e-109
12.5	3.20303e-109
12.55	1.17833e-109
12.6	4.33483e-110
12.65	1.59469e-110
12.7	5.86655e-111
12.75	2.15818e-111
12.8	7.93951e-112
12.85	2.92078e-112
12.9	1.0745e-112
12.95	3.95285e-113
13	1.45417e-113
13.05	5.3496e-114
13.1	1.96801e-114
13.15	7.2399e-115
13.2	2.66341e-115
13.25	9.79814e-116
13.3	3.60453e-116
13.35	1.32603e-116
13.4	4.87821e-117
13.45	1.79459e-117
13.5	6.60193e-118
13.55	2.42872e-118
13.6	8.93475e-119
13.65	3.28691e-119
13.7	1.20919e-119
13.75	4.44835e-120
13.8	1.63646e-120
13.85	6.02018e-121
13.9	2.2147e-121
13.95	8.14743e-122
14	2.99727e-122
14.05	1.10264e-122
14.1	4.05637e-123
14.15	1.49225e-123
14.2	5.4897e-124
14.25	2.01955e-124
14.3	7.4295e-125
14.35	2.73316e-125
14.4	1.00547e-125
14.45	3.69893e-126
14.5	1.36076e-126
14.55	5.00596e-127
14.6	1.84159e-127
14.65	6.77482e-128
14.7	2.49232e-128
14.75	9.16873e-129
14.8	3.37299e-129
14.85	1.24085e-129
14.9	4.56484e-130
14.95	1.67931e-130
