-15	2.57587e-27
-14.97	2.02166e-15
-14.94	4.25193e-16
-14.91	2.09523e-15
-14.88	8.6581e-16
-14.85	2.2525e-15
-14.82	1.34176e-15
-14.79	2.50827e-15
-14.76	1.87335e-15
-14.73	2.87153e-15
-14.7	2.46934e-15
-14.67	3.33288e-15
-14.64	3.11488e-15
-14.61	3.85748e-15
-14.58	3.76901e-15
-14.55	4.3897e-15
-14.52	4.37546e-15
-14.49	4.86859e-15
-14.46	4.88144e-15
-14.43	5.24593e-15
-14.4	5.25304e-15
-14.37	5.49508e-15
-14.34	5.47546e-15
-14.31	5.6022e-15
-14.28	5.53588e-15
-14.25	5.54459e-15
-14.22	5.40204e-15
-14.19	5.27655e-15
-14.16	5.02284e-15
-14.13	4.75359e-15
-14.1	4.38976e-15
-14.07	4.05355e-15
-14.04	3.75843e-15
-14.01	3.7399e-15
-13.98	4.09458e-15
-13.95	5.00753e-15
-13.92	6.38282e-15
-13.89	8.27587e-15
-13.86	1.06314e-14
-13.83	1.35887e-14
-13.8	1.72271e-14
-13.77	2.17966e-14
-13.74	2.75276e-14
-13.71	3.48085e-14
-13.68	4.40427e-14
-13.65	5.57734e-14
-13.62	7.05701e-14
-13.59	8.91006e-14
-13.56	1.12032e-13
-13.53	1.40054e-13
-13.5	1.73783e-13
-13.47	2.13748e-13
-13.44	2.60309e-13
-13.41	3.13614e-13
-13.38	3.73546e-13
-13.35	4.39687e-13
-13.32	5.11294e-13
-13.29	5.87293e-13
-13.26	6.66299e-13
-13.23	7.46643e-13
-13.2	8.26461e-13
-13.17	9.0379e-13
-13.14	9.76764e-13
-13.11	1.04385e-12
-13.08	1.10417e-12
-13.05	1.15791e-12
-13.02	1.20664e-12
-12.99	1.25348e-12
-12.96	1.30291e-12
-12.93	1.35997e-12
-12.9	1.42891e-12
-12.87	1.51176e-12
-12.84	1.60751e-12
-12.81	1.71229e-12
-12.78	1.8207e-12
-12.75	1.92762e-12
-12.72	2.02994e-12
-12.69	2.12771e-12
-12.66	2.22425e-12
-12.63	2.32499e-12
-12.6	2.43542e-12
-12.57	2.55874e-12
-12.54	2.69451e-12
-12.51	2.83893e-12
-12.48	2.98665e-12
-12.45	3.13323e-12
-12.42	3.27713e-12
-12.39	3.42039e-12
-12.36	3.56761e-12
-12.33	3.72364e-12
-12.3	3.89094e-12
-12.27	4.06816e-12
-12.24	4.25077e-12
-12.21	4.43378e-12
-12.18	4.61479e-12
-12.15	4.79576e-12
-12.12	4.982e-12
-12.09	5.17885e-12
-12.06	5.38817e-12
-12.03	5.60712e-12
-12	5.83068e-12
-11.97	6.05585e-12
-11.94	6.28469e-12
-11.91	6.52344e-12
-11.88	6.77838e-12
-11.85	7.05162e-12
-11.82	7.34034e-12
-11.79	7.64047e-12
-11.76	7.95139e-12
-11.73	8.27783e-12
-11.7	8.62703e-12
-11.67	9.00366e-12
-11.64	9.40714e-12
-11.61	9.83374e-12
-11.58	1.02817e-11
-11.55	1.07542e-11
-11.52	1.12576e-11
-11.49	1.17961e-11
-11.46	1.23683e-11
-11.43	1.29695e-11
-11.4	1.35961e-11
-11.37	1.42497e-11
-11.34	1.49338e-11
-11.31	1.56488e-11
-11.28	1.63892e-11
-11.25	1.71464e-11
-11.22	1.7915e-11
-11.19	1.86938e-11
-11.16	1.94817e-11
-11.13	2.02725e-11
-11.1	2.10547e-11
-11.07	2.18182e-11
-11.04	2.25574e-11
-11.01	2.32701e-11
-10.98	2.39507e-11
-10.95	2.45899e-11
-10.92	2.51789e-11
-10.89	2.57156e-11
-10.86	2.62033e-11
-10.83	2.66466e-11
-10.8	2.70491e-11
-10.77	2.7418e-11
-10.74	2.77702e-11
-10.71	2.81323e-11
-10.68	2.85355e-11
-10.65	2.90146e-11
-10.62	2.96106e-11
-10.59	3.03749e-11
-10.56	3.13654e-11
-10.53	3.26386e-11
-10.5	3.42464e-11
-10.47	3.62384e-11
-10.44	3.86635e-11
-10.41	4.15659e-11
-10.38	4.49807e-11
-10.35	4.8937e-11
-10.32	5.34669e-11
-10.29	5.86073e-11
-10.26	6.43951e-11
-10.23	7.08648e-11
-10.2	7.80535e-11
-10.17	8.60047e-11
-10.14	9.47638e-11
-10.11	1.04369e-10
-10.08	1.14849e-10
-10.05	1.2623e-10
-10.02	1.38532e-10
-9.99	1.51759e-10
-9.96	1.65893e-10
-9.93	1.80896e-10
-9.9	1.96717e-10
-9.87	2.13281e-10
-9.84	2.30481e-10
-9.81	2.48185e-10
-9.78	2.66238e-10
-9.75	2.84466e-10
-9.72	3.0267e-10
-9.69	3.2063e-10
-9.66	3.38122e-10
-9.63	3.54927e-10
-9.6	3.70844e-10
-9.57	3.85708e-10
-9.54	3.99425e-10
-9.51	4.12014e-10
-9.48	4.23659e-10
-9.45	4.34772e-10
-9.42	4.46075e-10
-9.39	4.58691e-10
-9.36	4.74208e-10
-9.33	4.94701e-10
-9.3	5.22659e-10
-9.27	5.60802e-10
-9.24	6.11806e-10
-9.21	6.78036e-10
-9.18	7.61385e-10
-9.15	8.63264e-10
-9.12	9.84704e-10
-9.09	1.12649e-09
-9.06	1.28929e-09
-9.03	1.47374e-09
-9	1.68049e-09
-8.97	1.91024e-09
-8.94	2.16376e-09
-8.91	2.4419e-09
-8.88	2.74562e-09
-8.85	3.07598e-09
-8.82	3.43417e-09
-8.79	3.82153e-09
-8.76	4.2396e-09
-8.73	4.69011e-09
-8.7	5.17506e-09
-8.67	5.69669e-09
-8.64	6.25759e-09
-8.61	6.86068e-09
-8.58	7.50923e-09
-8.55	8.20692e-09
-8.52	8.95784e-09
-8.49	9.76649e-09
-8.46	1.06378e-08
-8.43	1.15769e-08
-8.4	1.25897e-08
-8.37	1.3682e-08
-8.34	1.48601e-08
-8.31	1.61304e-08
-8.28	1.74995e-08
-8.25	1.89742e-08
-8.22	2.0561e-08
-8.19	2.22666e-08
-8.16	2.40972e-08
-8.13	2.60592e-08
-8.1	2.81584e-08
-8.07	3.04003e-08
-8.04	3.27901e-08
-8.01	3.53323e-08
-7.98	3.80313e-08
-7.95	4.08908e-08
-7.92	4.3914e-08
-7.89	4.71039e-08
-7.86	5.04629e-08
-7.83	5.3993e-08
-7.8	5.76963e-08
-7.77	6.15743e-08
-7.74	6.56288e-08
-7.71	6.98615e-08
-7.68	7.42745e-08
-7.65	7.88702e-08
-7.62	8.36517e-08
-7.59	8.86227e-08
-7.56	9.37881e-08
-7.53	9.91537e-08
-7.5	1.04727e-07
-7.47	1.10516e-07
-7.44	1.16532e-07
-7.41	1.22786e-07
-7.38	1.29292e-07
-7.35	1.36064e-07
-7.32	1.43119e-07
-7.29	1.50474e-07
-7.26	1.58148e-07
-7.23	1.66159e-07
-7.2	1.74527e-07
-7.17	1.83269e-07
-7.14	1.92402e-07
-7.11	2.01943e-07
-7.08	2.11904e-07
-7.05	2.22295e-07
-7.02	2.33122e-07
-6.99	2.44387e-07
-6.96	2.56089e-07
-6.93	2.68219e-07
-6.9	2.80764e-07
-6.87	2.93707e-07
-6.84	3.07023e-07
-6.81	3.20684e-07
-6.78	3.34656e-07
-6.75	3.48901e-07
-6.72	3.63376e-07
-6.69	3.78036e-07
-6.66	3.92835e-07
-6.63	4.07724e-07
-6.6	4.22656e-07
-6.57	4.37584e-07
-6.54	4.52466e-07
-6.51	4.67262e-07
-6.48	4.8194e-07
-6.45	4.96475e-07
-6.42	5.1085e-07
-6.39	5.2506e-07
-6.36	5.39107e-07
-6.33	5.53008e-07
-6.3	5.66792e-07
-6.27	5.80498e-07
-6.24	5.94176e-07
-6.21	6.07887e-07
-6.18	6.21698e-07
-6.15	6.3568e-07
-6.12	6.49908e-07
-6.09	6.64452e-07
-6.06	6.79376e-07
-6.03	6.94732e-07
-6	7.10556e-07
-5.97	7.26863e-07
-5.94	7.43645e-07
-5.91	7.60866e-07
-5.88	7.78464e-07
-5.85	7.96345e-07
-5.82	8.14386e-07
-5.79	8.32436e-07
-5.76	8.50323e-07
-5.73	8.67849e-07
-5.7	8.84803e-07
-5.67	9.0096e-07
-5.64	9.16092e-07
-5.61	9.2997e-07
-5.58	9.42373e-07
-5.55	9.53093e-07
-5.52	9.61945e-07
-5.49	9.6877e-07
-5.46	9.73445e-07
-5.43	9.75887e-07
-5.4	9.76063e-07
-5.37	9.73995e-07
-5.34	9.69767e-07
-5.31	9.63527e-07
-5.28	9.55498e-07
-5.25	9.45977e-07
-5.22	9.3534e-07
-5.19	9.24035e-07
-5.16	9.12586e-07
-5.13	9.01572e-07
-5.1	8.91618e-07
-5.07	8.83366e-07
-5.04	8.77446e-07
-5.01	8.7443e-07
-4.98	8.74797e-07
-4.95	8.78892e-07
-4.92	8.86887e-07
-4.89	8.98769e-07
-4.86	9.14334e-07
-4.83	9.332e-07
-4.8	9.54833e-07
-4.77	9.78577e-07
-4.74	1.0037e-06
-4.71	1.02941e-06
-4.68	1.05489e-06
-4.65	1.07936e-06
-4.62	1.102e-06
-4.59	1.12207e-06
-4.56	1.13886e-06
-4.53	1.1517e-06
-4.5	1.15997e-06
-4.47	1.16311e-06
-4.44	1.16062e-06
-4.41	1.15206e-06
-4.38	1.13706e-06
-4.35	1.1153e-06
-4.32	1.08655e-06
-4.29	1.05064e-06
-4.26	1.0075e-06
-4.23	9.57162e-07
-4.2	8.99767e-07
-4.17	8.35616e-07
-4.14	7.65219e-07
-4.11	6.89403e-07
-4.08	6.09514e-07
-4.05	5.27816e-07
-4.02	4.48334e-07
-3.99	3.7849e-07
-3.96	3.313e-07
-3.93	3.23598e-07
-3.9	3.63284e-07
-3.87	4.41489e-07
-3.84	5.44333e-07
-3.81	6.61952e-07
-3.78	7.88526e-07
-3.75	9.20523e-07
-3.72	1.05557e-06
-3.69	1.19189e-06
-3.66	1.328e-06
-3.63	1.4626e-06
-3.6	1.5945e-06
-3.57	1.72256e-06
-3.54	1.84566e-06
-3.51	1.96277e-06
-3.48	2.07284e-06
-3.45	2.1749e-06
-3.42	2.26798e-06
-3.39	2.3512e-06
-3.36	2.42372e-06
-3.33	2.48479e-06
-3.3	2.53375e-06
-3.27	2.57004e-06
-3.24	2.59327e-06
-3.21	2.60322e-06
-3.18	2.59988e-06
-3.15	2.58352e-06
-3.12	2.55479e-06
-3.09	2.51476e-06
-3.06	2.46508e-06
-3.03	2.40813e-06
-3	2.34719e-06
-2.97	2.28669e-06
-2.94	2.23234e-06
-2.91	2.19121e-06
-2.88	2.17152e-06
-2.85	2.18202e-06
-2.82	2.23095e-06
-2.79	2.3247e-06
-2.76	2.46686e-06
-2.73	2.65799e-06
-2.7	2.89615e-06
-2.67	3.17782e-06
-2.64	3.49873e-06
-2.61	3.8545e-06
-2.58	4.24095e-06
-2.55	4.65419e-06
-2.52	5.09062e-06
-2.49	5.54694e-06
-2.46	6.02002e-06
-2.43	6.50692e-06
-2.4	7.00479e-06
-2.37	7.51086e-06
-2.34	8.02244e-06
-2.31	8.53687e-06
-2.28	9.05157e-06
-2.25	9.56401e-06
-2.22	1.00718e-05
-2.19	1.05726e-05
-2.16	1.10642e-05
-2.13	1.15448e-05
-2.1	1.20126e-05
-2.07	1.24663e-05
-2.04	1.29049e-05
-2.01	1.3328e-05
-1.98	1.37357e-05
-1.95	1.41288e-05
-1.92	1.45091e-05
-1.89	1.48791e-05
-1.86	1.52424e-05
-1.83	1.5604e-05
-1.8	1.59698e-05
-1.77	1.63472e-05
-1.74	1.67449e-05
-1.71	1.7173e-05
-1.68	1.76426e-05
-1.65	1.81657e-05
-1.62	1.8755e-05
-1.59	1.94231e-05
-1.56	2.01827e-05
-1.53	2.10452e-05
-1.5	2.20209e-05
-1.47	2.31185e-05
-1.44	2.43447e-05
-1.41	2.57044e-05
-1.38	2.72003e-05
-1.35	2.88334e-05
-1.32	3.06029e-05
-1.29	3.25066e-05
-1.26	3.45409e-05
-1.23	3.67011e-05
-1.2	3.89813e-05
-1.17	4.1375e-05
-1.14	4.38748e-05
-1.11	4.64729e-05
-1.08	4.91615e-05
-1.05	5.19328e-05
-1.02	5.4779e-05
-0.99	5.7693e-05
-0.96	6.06679e-05
-0.93	6.36974e-05
-0.9	6.67756e-05
-0.87	6.98972e-05
-0.84	7.3058e-05
-0.81	7.62554e-05
-0.78	7.94881e-05
-0.75	8.27575e-05
-0.72	8.60672e-05
-0.69	8.94236e-05
-0.66	9.28361e-05
-0.63	9.63167e-05
-0.6	9.98805e-05
-0.57	0.000103545
-0.54	0.000107332
-0.51	0.000111265
-0.48	0.000115371
-0.45	0.000119679
-0.42	0.000124219
-0.39	0.000129026
-0.36	0.000134131
-0.33	0.00013957
-0.3	0.000145373
-0.27	0.000151572
-0.24	0.000158193
-0.21	0.000165262
-0.18	0.000172799
-0.15	0.000180823
-0.12	0.000189346
-0.09	0.00019838
-0.06	0.000207931
-0.03	0.000218006
0	0.000228609
0.03	0.000239746
0.06	0.000251422
0.09	0.000263646
0.12	0.00027643
0.15	0.000289785
0.18	0.00030373
0.21	0.000318284
0.24	0.00033347
0.27	0.000349313
0.3	0.000365843
0.33	0.000383092
0.36	0.000401093
0.39	0.000419884
0.42	0.000439505
0.45	0.000459996
0.48	0.000481401
0.51	0.000503766
0.54	0.000527138
0.57	0.000551567
0.6	0.000577105
0.63	0.000603804
0.66	0.00063172
0.69	0.000660912
0.72	0.000691439
0.75	0.000723365
0.78	0.000756754
0.81	0.000791674
0.84	0.000828197
0.87	0.000866397
0.9	0.000906349
0.93	0.000948136
0.96	0.00099184
0.99	0.00103755
1.02	0.00108536
1.05	0.00113536
1.08	0.00118765
1.11	0.00124234
1.14	0.00129953
1.17	0.00135935
1.2	0.0014219
1.23	0.00148731
1.26	0.00155572
1.29	0.00162725
1.32	0.00170206
1.35	0.00178028
1.38	0.00186207
1.41	0.00194759
1.44	0.00203701
1.47	0.00213051
1.5	0.00222827
1.53	0.00233048
1.56	0.00243734
1.59	0.00254907
1.62	0.00266587
1.65	0.00278797
1.68	0.00291562
1.71	0.00304905
1.74	0.00318853
1.77	0.00333434
1.8	0.00348674
1.83	0.00364603
1.86	0.00381252
1.89	0.00398653
1.92	0.0041684
1.95	0.00435846
1.98	0.00455709
2.01	0.00476466
2.04	0.00498157
2.07	0.00520823
2.1	0.00544507
2.13	0.00569254
2.16	0.00595111
2.19	0.00622127
2.22	0.00650353
2.25	0.00679841
2.28	0.00710647
2.31	0.00742829
2.34	0.00776447
2.37	0.00811563
2.4	0.00848243
2.43	0.00886554
2.46	0.00926566
2.49	0.00968354
2.52	0.0101199
2.55	0.0105756
2.58	0.0110514
2.61	0.0115482
2.64	0.0120669
2.67	0.0126084
2.7	0.0131737
2.73	0.0137637
2.76	0.0143796
2.79	0.0150224
2.82	0.0156932
2.85	0.0163932
2.88	0.0171236
2.91	0.0178857
2.94	0.0186808
2.97	0.0195102
3	0.0203753
3.03	0.0212775
3.06	0.0222184
3.09	0.0231994
3.12	0.0242222
3.15	0.0252884
3.18	0.0263996
3.21	0.0275577
3.24	0.0287644
3.27	0.0300217
3.3	0.0313314
3.33	0.0326955
3.36	0.0341163
3.39	0.0355957
3.42	0.0371361
3.45	0.0387396
3.48	0.0404088
3.51	0.0421458
3.54	0.0439533
3.57	0.0458336
3.6	0.0477894
3.63	0.049823
3.66	0.0519372
3.69	0.0541345
3.72	0.0564174
3.75	0.0587886
3.78	0.0612507
3.81	0.0638063
3.84	0.0664581
3.87	0.0692088
3.9	0.0720612
3.93	0.075018
3.96	0.0780823
3.99	0.081257
4.02	0.0845454
4.05	0.0879507
4.08	0.0914765
4.11	0.0951264
4.14	0.0989042
4.17	0.102814
4.2	0.10686
4.23	0.111046
4.26	0.115377
4.29	0.119856
4.32	0.124489
4.35	0.129279
4.38	0.134231
4.41	0.139348
4.44	0.144633
4.47	0.150089
4.5	0.155719
4.53	0.161523
4.56	0.167502
4.59	0.173657
4.62	0.179986
4.65	0.186486
4.68	0.193154
4.71	0.199985
4.74	0.206975
4.77	0.214115
4.8	0.221398
4.83	0.228815
4.86	0.236356
4.89	0.244008
4.92	0.25176
4.95	0.259599
4.98	0.267511
5.01	0.275481
5.04	0.283496
5.07	0.291539
5.1	0.299594
5.13	0.307648
5.16	0.315683
5.19	0.323684
5.22	0.331636
5.25	0.339524
5.28	0.347334
5.31	0.355051
5.34	0.362663
5.37	0.370156
5.4	0.377518
5.43	0.384739
5.46	0.391807
5.49	0.398713
5.52	0.405448
5.55	0.412005
5.58	0.418375
5.61	0.424552
5.64	0.430532
5.67	0.436308
5.7	0.441877
5.73	0.447235
5.76	0.452379
5.79	0.457307
5.82	0.462017
5.85	0.466507
5.88	0.470778
5.91	0.474828
5.94	0.478657
5.97	0.482265
6	0.485653
6.03	0.488821
6.06	0.491769
6.09	0.4945
6.12	0.497013
6.15	0.499309
6.18	0.50139
6.21	0.503255
6.24	0.504906
6.27	0.506344
6.3	0.507568
6.33	0.50858
6.36	0.50938
6.39	0.509967
6.42	0.510342
6.45	0.510504
6.48	0.510453
6.51	0.510187
6.54	0.509707
6.57	0.50901
6.6	0.508095
6.63	0.506962
6.66	0.505607
6.69	0.50403
6.72	0.502227
6.75	0.500198
6.78	0.497939
6.81	0.495448
6.84	0.492723
6.87	0.489761
6.9	0.48656
6.93	0.483117
6.96	0.479431
6.99	0.475499
7.02	0.471319
7.05	0.46689
7.08	0.46221
7.11	0.45728
7.14	0.452098
7.17	0.446666
7.2	0.440983
7.23	0.435052
7.26	0.428875
7.29	0.422456
7.32	0.415799
7.35	0.408908
7.38	0.401791
7.41	0.394454
7.44	0.386906
7.47	0.379157
7.5	0.371217
7.53	0.363099
7.56	0.354815
7.59	0.346381
7.62	0.337812
7.65	0.329124
7.68	0.320334
7.71	0.311462
7.74	0.302526
7.77	0.293546
7.8	0.284543
7.83	0.275537
7.86	0.266549
7.89	0.257599
7.92	0.248709
7.95	0.239898
7.98	0.231186
8.01	0.22259
8.04	0.21413
8.07	0.20582
8.1	0.197676
8.13	0.189712
8.16	0.181939
8.19	0.174367
8.22	0.167005
8.25	0.15986
8.28	0.152936
8.31	0.146236
8.34	0.139762
8.37	0.133513
8.4	0.127489
8.43	0.121687
8.46	0.116102
8.49	0.11073
8.52	0.105566
8.55	0.100604
8.58	0.0958382
8.61	0.0912613
8.64	0.0868673
8.67	0.0826499
8.7	0.078603
8.73	0.0747205
8.76	0.070997
8.79	0.067427
8.82	0.0640057
8.85	0.0607284
8.88	0.0575906
8.91	0.0545882
8.94	0.0517171
8.97	0.0489736
9	0.0463537
9.03	0.0438539
9.06	0.0414703
9.09	0.0391992
9.12	0.0370368
9.15	0.0349794
9.18	0.033023
9.21	0.0311639
9.24	0.029398
9.27	0.0277216
9.3	0.0261309
9.33	0.024622
9.36	0.0231913
9.39	0.0218353
9.42	0.0205506
9.45	0.0193337
9.48	0.0181817
9.51	0.0170914
9.54	0.01606
9.57	0.0150846
9.6	0.0141628
9.63	0.0132918
9.66	0.0124694
9.69	0.0116931
9.72	0.0109607
9.75	0.01027
9.78	0.0096189
9.81	0.00900542
9.84	0.00842759
9.87	0.00788354
9.9	0.00737147
9.93	0.00688968
9.96	0.00643654
9.99	0.0060105
10.02	0.00561009
10.05	0.00523391
10.08	0.00488064
10.11	0.00454903
10.14	0.00423787
10.17	0.00394605
10.2	0.00367247
10.23	0.00341612
10.26	0.00317602
10.29	0.00295123
10.32	0.00274089
10.35	0.00254415
10.38	0.00236022
10.41	0.00218834
10.44	0.00202781
10.47	0.00187794
10.5	0.00173811
10.53	0.00160772
10.56	0.00148618
10.59	0.00137297
10.62	0.00126757
10.65	0.0011695
10.68	0.00107831
10.71	0.000993568
10.74	0.000914859
10.77	0.000841799
10.8	0.000774024
10.83	0.000711192
10.86	0.000652978
10.89	0.000599078
10.92	0.000549205
10.95	0.000503087
10.98	0.000460471
11.01	0.000421117
11.04	0.000384801
11.07	0.000351309
11.1	0.000320445
11.13	0.000292021
11.16	0.000265863
11.19	0.000241807
11.22	0.0002197
11.25	0.000199401
11.28	0.000180775
11.31	0.000163698
11.34	0.000148055
11.37	0.000133736
11.4	0.000120642
11.43	0.000108679
11.46	9.77584e-05
11.49	8.78008e-05
11.52	7.87308e-05
11.55	7.04786e-05
11.58	6.29795e-05
11.61	5.61734e-05
11.64	5.00047e-05
11.67	4.44217e-05
11.7	3.93765e-05
11.73	3.48247e-05
11.76	3.07255e-05
11.79	2.70407e-05
11.82	2.37352e-05
11.85	2.0776e-05
11.88	1.81328e-05
11.91	1.57774e-05
11.94	1.36835e-05
11.97	1.18268e-05
12	1.01851e-05
12.03	8.73761e-06
12.06	7.46556e-06
12.09	6.35157e-06
12.12	5.37973e-06
12.15	4.53542e-06
12.18	3.80517e-06
12.21	3.17658e-06
12.24	2.63823e-06
12.27	2.17958e-06
12.3	1.79096e-06
12.33	1.46352e-06
12.36	1.1892e-06
12.39	9.60728e-07
12.42	7.71544e-07
12.45	6.15822e-07
12.48	4.88411e-07
12.51	3.84799e-07
12.54	3.01064e-07
12.57	2.33827e-07
12.6	1.80193e-07
12.63	1.37704e-07
12.66	1.04285e-07
12.69	7.81993e-08
12.72	5.79996e-08
12.75	4.24918e-08
12.78	3.06957e-08
12.81	2.18128e-08
12.84	1.51975e-08
12.87	1.03323e-08
12.9	6.80568e-09
12.93	4.29445e-09
12.96	2.54878e-09
12.99	1.38398e-09
13.02	6.91067e-10
13.05	4.6641e-10
13.08	5.41963e-10
13.11	6.26902e-10
13.14	6.56368e-10
13.17	6.38982e-10
13.2	5.91225e-10
13.23	5.26939e-10
13.26	4.56157e-10
13.29	3.8561e-10
13.32	3.19482e-10
13.35	2.6009e-10
13.38	2.08441e-10
13.41	1.64672e-10
13.44	1.28377e-10
13.47	9.88464e-11
13.5	7.52311e-11
13.53	5.66443e-11
13.56	4.22304e-11
13.59	3.12045e-11
13.62	2.28761e-11
13.65	1.66578e-11
13.68	1.20652e-11
13.71	8.70727e-12
13.74	6.27459e-12
13.77	4.52541e-12
13.8	3.27373e-12
13.83	2.37904e-12
13.86	1.73764e-12
13.89	1.27496e-12
13.92	9.38683e-13
13.95	6.92642e-13
13.98	5.11745e-13
14.01	3.78247e-13
14.04	2.79303e-13
14.07	2.05565e-13
14.1	1.50369e-13
14.13	1.09091e-13
14.16	7.8501e-14
14.19	5.61722e-14
14.22	4.01006e-14
14.25	2.85757e-14
14.28	2.02357e-14
14.31	1.41363e-14
14.34	9.70073e-15
14.37	6.57057e-15
14.4	4.45967e-15
14.43	3.08034e-15
14.46	2.15374e-15
14.49	1.47869e-15
14.52	9.66048e-16
14.55	5.95409e-16
14.58	3.59349e-16
14.61	2.40095e-16
14.64	1.88281e-16
14.67	1.44087e-16
14.7	9.24793e-17
14.73	4.77328e-17
14.76	1.77837e-17
14.79	5.052e-18
14.82	2.08428e-17
14.85	2.52969e-17
14.88	1.75948e-17
14.91	7.12597e-18
14.94	4.39552e-31
14.97	3.84364e-31
