# dt = 0.0001	 dx = 0.05	 Tfinal = 1.5
# numpts = 600	 Focus = 1
-15	0.00178382
-14.95	0.00190606
-14.9	0.00202352
-14.85	0.00213592
-14.8	0.00224296
-14.75	0.00234438
-14.7	0.00243993
-14.65	0.00252936
-14.6	0.00261246
-14.55	0.00268902
-14.5	0.00275883
-14.45	0.00282173
-14.4	0.00287756
-14.35	0.00292619
-14.3	0.00296747
-14.25	0.00300133
-14.2	0.00302766
-14.15	0.00304641
-14.1	0.00305752
-14.05	0.00306098
-14	0.00305676
-13.95	0.00304488
-13.9	0.00302537
-13.85	0.00299829
-13.8	0.00296369
-13.75	0.00292166
-13.7	0.00287231
-13.65	0.00281577
-13.6	0.00275216
-13.55	0.00268166
-13.5	0.00260445
-13.45	0.0025207
-13.4	0.00243064
-13.35	0.00233449
-13.3	0.00223249
-13.25	0.00212489
-13.2	0.00201197
-13.15	0.001894
-13.1	0.00177129
-13.05	0.00164414
-13	0.00151287
-12.95	0.00137781
-12.9	0.0012393
-12.85	0.00109768
-12.8	0.000953305
-12.75	0.000806544
-12.7	0.000657761
-12.65	0.00050733
-12.6	0.000355626
-12.55	0.000203031
-12.5	4.99265e-05
-12.45	-0.000103304
-12.4	-0.000256276
-12.35	-0.000408607
-12.3	-0.000559915
-12.25	-0.00070982
-12.2	-0.000857947
-12.15	-0.00100393
-12.1	-0.00114739
-12.05	-0.00128798
-12	-0.00142534
-11.95	-0.00155913
-11.9	-0.00168901
-11.85	-0.00181467
-11.8	-0.00193577
-11.75	-0.00205203
-11.7	-0.00216315
-11.65	-0.00226884
-11.6	-0.00236885
-11.55	-0.00246293
-11.5	-0.00255083
-11.45	-0.00263234
-11.4	-0.00270726
-11.35	-0.00277539
-11.3	-0.00283657
-11.25	-0.00289065
-11.2	-0.00293747
-11.15	-0.00297694
-11.1	-0.00300895
-11.05	-0.00303342
-11	-0.00305029
-10.95	-0.00305952
-10.9	-0.00306107
-10.85	-0.00305496
-10.8	-0.0030412
-10.75	-0.00301981
-10.7	-0.00299086
-10.65	-0.00295441
-10.6	-0.00291056
-10.55	-0.00285941
-10.5	-0.0028011
-10.45	-0.00273578
-10.4	-0.00266359
-10.35	-0.00258473
-10.3	-0.0024994
-10.25	-0.0024078
-10.2	-0.00231017
-10.15	-0.00220675
-10.1	-0.00209779
-10.05	-0.00198359
-10	-0.00186441
-9.95	-0.00174056
-9.9	-0.00161234
-9.85	-0.00148009
-9.8	-0.00134413
-9.75	-0.0012048
-9.7	-0.00106245
-9.65	-0.000917434
-9.6	-0.000770122
-9.55	-0.000620879
-9.5	-0.000470081
-9.45	-0.000318104
-9.4	-0.000165329
-9.35	-1.21398e-05
-9.3	0.00014108
-9.25	0.000293947
-9.2	0.000446079
-9.15	0.000597092
-9.1	0.00074661
-9.05	0.000894258
-9	0.00103966
-8.95	0.00118247
-8.9	0.00132231
-8.85	0.00145883
-8.8	0.00159171
-8.75	0.00172059
-8.7	0.00184516
-8.65	0.00196511
-8.6	0.00208014
-8.55	0.00218995
-8.5	0.00229428
-8.45	0.00239286
-8.4	0.00248544
-8.35	0.00257179
-8.3	0.00265171
-8.25	0.00272497
-8.2	0.00279141
-8.15	0.00285085
-8.1	0.00290315
-8.05	0.00294818
-8	0.00298582
-7.95	0.00301598
-7.9	0.00303858
-7.85	0.00305356
-7.8	0.0030609
-7.75	0.00306056
-7.7	0.00305256
-7.65	0.00303691
-7.6	0.00301365
-7.55	0.00298283
-7.5	0.00294454
-7.45	0.00289888
-7.4	0.00284595
-7.35	0.00278588
-7.3	0.00271884
-7.25	0.00264499
-7.2	0.0025645
-7.15	0.00247759
-7.1	0.00238447
-7.05	0.00228538
-7	0.00218056
-6.95	0.00207028
-6.9	0.00195481
-6.85	0.00183444
-6.8	0.00170947
-6.75	0.00158022
-6.7	0.00144701
-6.65	0.00131017
-6.6	0.00117005
-6.55	0.001027
-6.5	0.000881374
-6.45	0.000733539
-6.4	0.000583867
-6.35	0.000432731
-6.3	0.000280511
-6.25	0.000127587
-6.2	-2.56563e-05
-6.15	-0.000178836
-6.1	-0.000331567
-6.05	-0.000483468
-6	-0.000634158
-5.95	-0.000783259
-5.9	-0.000930397
-5.85	-0.0010752
-5.8	-0.00121732
-5.75	-0.00135638
-5.7	-0.00149205
-5.65	-0.00162397
-5.6	-0.00175183
-5.55	-0.0018753
-5.5	-0.00199406
-5.45	-0.00210784
-5.4	-0.00221633
-5.35	-0.00231926
-5.3	-0.00241639
-5.25	-0.00250746
-5.2	-0.00259225
-5.15	-0.00267054
-5.1	-0.00274214
-5.05	-0.00280687
-5	-0.00286457
-4.95	-0.00291509
-4.9	-0.0029583
-4.85	-0.00299411
-4.8	-0.00302241
-4.75	-0.00304313
-4.7	-0.00305623
-4.65	-0.00306167
-4.6	-0.00305945
-4.55	-0.00304955
-4.5	-0.00303201
-4.45	-0.00300688
-4.4	-0.00297421
-4.35	-0.00293409
-4.3	-0.00288662
-4.25	-0.00283191
-4.2	-0.00277011
-4.15	-0.00270136
-4.1	-0.00262585
-4.05	-0.00254376
-4	-0.00245529
-3.95	-0.00236067
-3.9	-0.00226014
-3.85	-0.00215394
-3.8	-0.00204235
-3.75	-0.00192563
-3.7	-0.0018041
-3.65	-0.00167804
-3.6	-0.00154777
-3.55	-0.00141363
-3.5	-0.00127595
-3.45	-0.00113507
-3.4	-0.000991343
-3.35	-0.000845134
-3.3	-0.000696807
-3.25	-0.000546735
-3.2	-0.000395292
-3.15	-0.000242858
-3.1	-8.98162e-05
-3.05	6.34509e-05
-3	0.000216559
-2.95	0.000369124
-2.9	0.000520765
-2.85	0.0006711
-2.8	0.000819754
-2.75	0.000966354
-2.7	0.00111053
-2.65	0.00125193
-2.6	0.00139019
-2.55	0.00152496
-2.5	0.00165592
-2.45	0.00178272
-2.4	0.00190506
-2.35	0.00202262
-2.3	0.00213512
-2.25	0.00224226
-2.2	0.00234379
-2.15	0.00243944
-2.1	0.00252899
-2.05	0.00261219
-2	0.00268885
-1.95	0.00275877
-1.9	0.00282178
-1.85	0.00287772
-1.8	0.00292644
-1.75	0.00296784
-1.7	0.0030018
-1.65	0.00302823
-1.6	0.00304708
-1.55	0.00305829
-1.5	0.00306184
-1.45	0.00305772
-1.4	0.00304593
-1.35	0.00302652
-1.3	0.00299951
-1.25	0.002965
-1.2	0.00292305
-1.15	0.00287378
-1.1	0.00281731
-1.05	0.00275378
-1	0.00268335
-0.95	0.00260619
-0.9	0.00252251
-0.85	0.0024325
-0.8	0.0023364
-0.75	0.00223444
-0.7	0.00212689
-0.65	0.00201401
-0.6	0.00189608
-0.55	0.0017734
-0.5	0.00164627
-0.45	0.00151502
-0.4	0.00137998
-0.35	0.00124147
-0.3	0.00109986
-0.25	0.00095549
-0.2	0.000808726
-0.15	0.000659936
-0.1	0.000509493
-0.05	0.000357773
0	0.000205157
0.05	5.20272e-05
0.1	-0.000101233
0.15	-0.000254239
0.2	-0.000406608
0.25	-0.000557958
0.3	-0.000707909
0.35	-0.000856087
0.4	-0.00100212
0.45	-0.00114564
0.5	-0.00128629
0.55	-0.00142372
0.6	-0.00155758
0.65	-0.00168753
0.7	-0.00181326
0.75	-0.00193444
0.8	-0.00205078
0.85	-0.00216197
0.9	-0.00226775
0.95	-0.00236785
1	-0.00246201
1.05	-0.00255001
1.1	-0.00263161
1.15	-0.00270662
1.2	-0.00277485
1.25	-0.00283612
1.3	-0.00289029
1.35	-0.00293722
1.4	-0.00297678
1.45	-0.00300889
1.5	-0.00303346
1.55	-0.00305042
1.6	-0.00305974
1.65	-0.0030614
1.7	-0.00305538
1.75	-0.00304171
1.8	-0.00302042
1.85	-0.00299155
1.9	-0.0029552
1.95	-0.00291143
2	-0.00286038
2.05	-0.00280215
2.1	-0.0027369
2.15	-0.0026648
2.2	-0.00258602
2.25	-0.00250076
2.3	-0.00240923
2.35	-0.00231166
2.4	-0.00220831
2.45	-0.00209942
2.5	-0.00198527
2.55	-0.00186615
2.6	-0.00174235
2.65	-0.00161418
2.7	-0.00148197
2.75	-0.00134605
2.8	-0.00120675
2.85	-0.00106443
2.9	-0.00091945
2.95	-0.000772161
3	-0.000622937
3.05	-0.000472154
3.1	-0.000320187
3.15	-0.000167419
3.2	-1.42313e-05
3.25	0.000138991
3.3	0.000291865
3.35	0.000444007
3.4	0.000595036
3.45	0.000744574
3.5	0.000892246
3.55	0.00103768
3.6	0.00118052
3.65	0.00132039
3.7	0.00145696
3.75	0.00158987
3.8	0.00171881
3.85	0.00184343
3.9	0.00196344
3.95	0.00207852
4	0.0021884
4.05	0.00229279
4.1	0.00239144
4.15	0.00248409
4.2	0.00257052
4.25	0.00265051
4.3	0.00272385
4.35	0.00279037
4.4	0.0028499
4.45	0.00290229
4.5	0.0029474
4.55	0.00298513
4.6	0.00301538
4.65	0.00303808
4.7	0.00305316
4.75	0.00306059
4.8	0.00306035
4.85	0.00305244
4.9	0.00303688
4.95	0.00301372
5	0.002983
5.05	0.00294481
5.1	0.00289924
5.15	0.0028464
5.2	0.00278644
5.25	0.00271949
5.3	0.00264572
5.35	0.00256533
5.4	0.00247851
5.45	0.00238548
5.5	0.00228647
5.55	0.00218174
5.6	0.00207153
5.65	0.00195614
5.7	0.00183585
5.75	0.00171095
5.8	0.00158177
5.85	0.00144863
5.9	0.00131186
5.95	0.0011718
6	0.0010288
6.05	0.000883232
6.1	0.000735448
6.15	0.000585821
6.2	0.000434727
6.25	0.000282544
6.3	0.000129654
6.35	-2.35605e-05
6.4	-0.000176715
6.45	-0.000329426
6.5	-0.000481311
6.55	-0.00063199
6.6	-0.000781084
6.65	-0.00092822
6.7	-0.00107303
6.75	-0.00121515
6.8	-0.00135422
6.85	-0.00148991
6.9	-0.00162185
6.95	-0.00174973
7	-0.00187323
7.05	-0.00199203
7.1	-0.00210585
7.15	-0.00221438
7.2	-0.00231736
7.25	-0.00241454
7.3	-0.00250567
7.35	-0.00259051
7.4	-0.00266887
7.45	-0.00274054
7.5	-0.00280534
7.55	-0.00286311
7.6	-0.00291371
7.65	-0.002957
7.7	-0.00299289
7.75	-0.00302127
7.8	-0.00304209
7.85	-0.00305528
7.9	-0.00306082
7.95	-0.00305869
8	-0.00304889
8.05	-0.00303145
8.1	-0.00300642
8.15	-0.00297385
8.2	-0.00293384
8.25	-0.00288647
8.3	-0.00283187
8.35	-0.00277017
8.4	-0.00270153
8.45	-0.00262613
8.5	-0.00254414
8.55	-0.00245578
8.6	-0.00236126
8.65	-0.00226083
8.7	-0.00215474
8.75	-0.00204325
8.8	-0.00192663
8.85	-0.00180519
8.9	-0.00167923
8.95	-0.00154906
9	-0.00141501
9.05	-0.00127742
9.1	-0.00113662
9.15	-0.000992979
9.2	-0.000846849
9.25	-0.000698598
9.3	-0.000548598
9.35	-0.000397224
9.4	-0.000244855
9.45	-9.18735e-05
9.5	6.13372e-05
9.55	0.000214393
9.6	0.000366911
9.65	0.000518509
9.7	0.000668807
9.75	0.000817428
9.8	0.000963999
9.85	0.00110815
9.9	0.00124953
9.95	0.00138778
10	0.00152255
10.05	0.0016535
10.1	0.0017803
10.15	0.00190265
10.2	0.00202023
10.25	0.00213274
10.3	0.00223991
10.35	0.00234147
10.4	0.00243716
10.45	0.00252674
10.5	0.00260999
10.55	0.0026867
10.6	0.00275668
10.65	0.00281974
10.7	0.00287575
10.75	0.00292454
10.8	0.00296601
10.85	0.00300005
10.9	0.00302656
10.95	0.0030455
11	0.0030568
11.05	0.00306044
11.1	0.00305642
11.15	0.00304473
11.2	0.00302542
11.25	0.00299853
11.3	0.00296412
11.35	0.00292229
11.4	0.00287313
11.45	0.00281677
11.5	0.00275336
11.55	0.00268305
11.6	0.00260601
11.65	0.00252245
11.7	0.00243257
11.75	0.00233659
11.8	0.00223475
11.85	0.00212732
11.9	0.00201456
11.95	0.00189675
12	0.00177419
12.05	0.00164718
12.1	0.00151605
12.15	0.00138112
12.2	0.00124273
12.25	0.00110123
12.3	0.000956969
12.35	0.000810311
12.4	0.000661624
12.45	0.000511279
12.5	0.000359655
12.55	0.000207131
12.6	5.40888e-05
12.65	-9.90878e-05
12.7	-0.000252015
12.75	-0.00040431
12.8	-0.00055559
12.85	-0.000705477
12.9	-0.000853595
12.95	-0.000999573
13	-0.00114305
13.05	-0.00128365
13.1	-0.00142104
13.15	-0.00155487
13.2	-0.0016848
13.25	-0.00181051
13.3	-0.00193168
13.35	-0.00204801
13.4	-0.00215921
13.45	-0.00226499
13.5	-0.0023651
13.55	-0.00245928
13.6	-0.0025473
13.65	-0.00262894
13.7	-0.00270398
13.75	-0.00277226
13.8	-0.00283358
13.85	-0.0028878
13.9	-0.00293479
13.95	-0.00297442
14	-0.0030066
14.05	-0.00303125
14.1	-0.0030483
14.15	-0.00305771
14.2	-0.00305946
14.25	-0.00305354
14.3	-0.00303998
14.35	-0.00301879
14.4	-0.00299004
14.45	-0.0029538
14.5	-0.00291016
14.55	-0.00285922
14.6	-0.00280113
14.65	-0.00273601
14.7	-0.00266404
14.75	-0.00258539
14.8	-0.00250027
14.85	-0.00240888
14.9	-0.00231145
14.95	-0.00220824
