-15	2.57524e-27
-14.97	1.39292e-15
-14.94	3.40592e-16
-14.91	-1.44031e-15
-14.88	-6.86159e-16
-14.85	1.54318e-15
-14.82	1.05128e-15
-14.79	-1.70781e-15
-14.76	-1.45961e-15
-14.73	1.92628e-15
-14.7	1.93621e-15
-14.67	-2.16763e-15
-14.64	-2.4923e-15
-14.61	2.38009e-15
-14.58	3.1111e-15
-14.55	-2.5064e-15
-14.52	-3.74621e-15
-14.49	2.50428e-15
-14.46	4.33666e-15
-14.43	-2.358e-15
-14.4	-4.82896e-15
-14.37	2.07401e-15
-14.34	5.18611e-15
-14.31	-1.67062e-15
-14.28	-5.37282e-15
-14.25	1.18533e-15
-14.22	5.33305e-15
-14.19	-7.1234e-16
-14.16	-4.99998e-15
-14.13	4.47938e-16
-14.1	4.36754e-15
-14.07	-6.90603e-16
-14.04	-3.6024e-15
-14.01	1.75805e-15
-13.98	3.12318e-15
-13.95	-3.85372e-15
-13.92	-3.58873e-15
-13.89	6.98463e-15
-13.86	5.84327e-15
-13.83	-1.10029e-14
-13.8	-1.09918e-14
-13.77	1.56643e-14
-13.74	2.07631e-14
-13.71	-2.03621e-14
-13.68	-3.80371e-14
-13.65	2.31305e-14
-13.62	6.69306e-14
-13.59	-1.88699e-14
-13.56	-1.11473e-13
-13.53	-2.45933e-15
-13.5	1.721e-13
-13.47	5.60099e-14
-13.44	-2.40238e-13
-13.41	-1.58482e-13
-13.38	2.93029e-13
-13.35	3.19425e-13
-13.32	-2.92039e-13
-13.29	-5.28236e-13
-13.26	1.90585e-13
-13.23	7.41225e-13
-13.2	4.72266e-14
-13.17	-8.7699e-13
-13.14	-4.17451e-13
-13.11	8.3033e-13
-13.08	8.46909e-13
-13.05	-5.1205e-13
-13.02	-1.18198e-12
-12.99	-8.88421e-14
-12.96	1.21849e-12
-12.93	8.43009e-13
-12.9	-7.87344e-13
-12.87	-1.46204e-12
-12.84	-1.17599e-13
-12.81	1.57327e-12
-12.78	1.22837e-12
-12.75	-9.09534e-13
-12.72	-2.00845e-12
-12.69	-4.42839e-13
-12.66	1.86513e-12
-12.63	1.8968e-12
-12.6	-5.5189e-13
-12.57	-2.52309e-12
-12.54	-1.44994e-12
-12.51	1.59715e-12
-12.48	2.93382e-12
-12.45	7.02056e-13
-12.42	-2.61465e-12
-12.39	-3.01033e-12
-12.36	2.05081e-13
-12.33	3.44826e-12
-12.3	2.89048e-12
-12.27	-1.11898e-12
-12.24	-4.18212e-12
-12.21	-2.65775e-12
-12.18	2.0485e-12
-12.15	4.79527e-12
-12.12	2.36611e-12
-12.09	-2.8799e-12
-12.06	-5.36179e-12
-12.03	-2.15895e-12
-12	3.65597e-12
-11.97	5.96277e-12
-11.94	2.04763e-12
-11.91	-4.33072e-12
-11.88	-6.63223e-12
-11.85	-2.1782e-12
-11.82	4.90086e-12
-11.79	7.48597e-12
-11.76	2.59799e-12
-11.73	-5.32253e-12
-11.7	-8.52546e-12
-11.67	-3.47208e-12
-11.64	5.47523e-12
-11.61	9.81404e-12
-11.58	4.9232e-12
-11.55	-5.1901e-12
-11.52	-1.12304e-11
-11.49	-7.11355e-12
-11.46	4.13883e-12
-11.43	1.25809e-11
-11.4	1.00939e-11
-11.37	-1.95956e-12
-11.34	-1.3361e-11
-11.31	-1.37162e-11
-11.28	-1.75632e-12
-11.25	1.28774e-11
-11.22	1.74376e-11
-11.19	7.13252e-12
-11.16	-1.02173e-11
-11.13	-2.02087e-11
-11.1	-1.38025e-11
-11.07	4.67532e-12
-11.04	2.05171e-11
-11.01	2.04999e-11
-10.98	3.8398e-12
-10.95	-1.67815e-11
-10.92	-2.50828e-11
-10.89	-1.41309e-11
-10.86	8.09498e-12
-10.83	2.48736e-11
-10.8	2.35162e-11
-10.77	4.82502e-12
-10.74	-1.77426e-11
-10.71	-2.8129e-11
-10.68	-1.90439e-11
-10.65	3.39592e-12
-10.62	2.42287e-11
-10.59	2.96277e-11
-10.56	1.55587e-11
-10.53	-9.85845e-12
-10.5	-3.09858e-11
-10.47	-3.35989e-11
-10.44	-1.36667e-11
-10.41	1.87219e-11
-10.38	4.33401e-11
-10.35	4.12938e-11
-10.32	8.63626e-12
-10.29	-3.70552e-11
-10.26	-6.43548e-11
-10.23	-4.83862e-11
-10.2	8.25479e-12
-10.17	7.0733e-11
-10.14	9.16735e-11
-10.11	4.56449e-11
-10.08	-4.57453e-11
-10.05	-1.20624e-10
-10.02	-1.17222e-10
-9.99	-2.2486e-11
-9.96	1.08124e-10
-9.93	1.80895e-10
-9.9	1.29634e-10
-9.87	-2.84802e-11
-9.84	-1.92126e-10
-9.81	-2.39538e-10
-9.78	-1.17628e-10
-9.75	1.08029e-10
-9.72	2.85839e-10
-9.69	2.79737e-10
-9.66	7.20226e-11
-9.63	-2.09508e-10
-9.6	-3.69272e-10
-9.57	-2.8031e-10
-9.54	1.54963e-11
-9.51	3.21547e-10
-9.48	4.16309e-10
-9.45	2.14322e-10
-9.42	-1.5772e-10
-9.39	-4.34906e-10
-9.36	-3.98735e-10
-9.33	-4.6806e-11
-9.3	3.8062e-10
-9.27	5.5381e-10
-9.24	2.94286e-10
-9.21	-2.65297e-10
-9.18	-7.32572e-10
-9.15	-7.10833e-10
-9.12	-1.00659e-10
-9.09	7.66656e-10
-9.06	1.28914e-09
-9.03	9.81968e-10
-9	-1.44759e-10
-8.97	-1.48744e-09
-8.94	-2.1482e-09
-8.91	-1.4965e-09
-8.88	3.4318e-10
-8.85	2.41865e-09
-8.82	3.41394e-09
-8.79	2.43836e-09
-8.76	-3.14642e-10
-8.73	-3.4828e-09
-8.7	-5.17338e-09
-8.67	-4.04341e-09
-8.64	-2.24858e-10
-8.61	4.49538e-09
-8.58	7.46501e-09
-8.55	6.59988e-09
-8.52	1.70816e-09
-8.49	-5.08768e-09
-8.46	-1.02066e-08
-8.43	-1.04307e-08
-8.4	-4.79042e-09
-8.37	4.54391e-09
-8.34	1.2996e-08
-8.31	1.5753e-08
-8.28	1.03675e-08
-8.25	-1.56873e-09
-8.22	-1.46988e-08
-8.19	-2.22212e-08
-8.16	-1.92798e-08
-8.13	-5.77541e-09
-8.1	1.29327e-08
-8.07	2.80452e-08
-8.04	3.13454e-08
-8.01	1.94199e-08
-7.98	-4.01718e-09
-7.95	-2.90601e-08
-7.92	-4.37e-08
-7.89	-3.9405e-08
-7.86	-1.56478e-08
-7.83	1.88976e-08
-7.8	4.9394e-08
-7.77	6.1099e-08
-7.74	4.62289e-08
-7.71	8.30641e-09
-7.68	-3.82391e-08
-7.65	-7.34669e-08
-7.62	-8.03213e-08
-7.59	-5.2527e-08
-7.56	1.57011e-09
-7.53	6.12498e-08
-7.5	1.01265e-07
-7.47	1.02331e-07
-7.44	5.99412e-08
-7.41	-1.23833e-08
-7.38	-8.72202e-08
-7.35	-1.33541e-07
-7.32	-1.29323e-07
-7.29	-7.14151e-08
-7.26	2.16146e-08
-7.23	1.15272e-07
-7.2	1.71811e-07
-7.17	1.65131e-07
-7.14	9.20832e-08
-7.11	-2.4521e-08
-7.08	-1.42906e-07
-7.05	-2.17192e-07
-7.02	-2.14827e-07
-6.99	-1.30034e-07
-6.96	1.21041e-08
-6.93	1.6296e-07
-6.9	2.66971e-07
-6.87	2.81807e-07
-6.84	1.94828e-07
-6.81	2.95853e-08
-6.78	-1.60457e-07
-6.75	-3.09327e-07
-6.72	-3.61321e-07
-6.69	-2.91266e-07
-6.66	-1.15032e-07
-6.63	1.13805e-07
-6.6	3.20494e-07
-6.57	4.33633e-07
-6.54	4.09551e-07
-6.51	2.48278e-07
-6.48	-4.56272e-09
-6.45	-2.70965e-07
-6.42	-4.64908e-07
-6.39	-5.2013e-07
-6.36	-4.1231e-07
-6.33	-1.68341e-07
-6.3	1.40574e-07
-6.27	4.20106e-07
-6.24	5.81788e-07
-6.21	5.70806e-07
-6.18	3.83892e-07
-6.15	7.1635e-08
-6.12	-2.75675e-07
-6.09	-5.54506e-07
-6.06	-6.78932e-07
-6.03	-6.06624e-07
-6	-3.52202e-07
-5.97	1.60416e-08
-5.94	3.95123e-07
-5.91	6.76538e-07
-5.88	7.77193e-07
-5.85	6.63247e-07
-5.82	3.60138e-07
-5.79	-5.39361e-08
-5.76	-4.69126e-07
-5.73	-7.73667e-07
-5.7	-8.84e-07
-5.67	-7.67116e-07
-5.64	-4.49261e-07
-5.61	-8.91721e-09
-5.58	4.43757e-07
-5.55	7.95376e-07
-5.52	9.58109e-07
-5.49	8.91426e-07
-5.46	6.11491e-07
-5.43	1.86227e-07
-5.4	-2.82247e-07
-5.37	-6.83034e-07
-5.34	-9.23234e-07
-5.31	-9.49535e-07
-5.28	-7.59674e-07
-5.25	-4.01469e-07
-5.22	3.97881e-08
-5.19	4.62107e-07
-5.16	7.70562e-07
-5.13	8.98462e-07
-5.1	8.21284e-07
-5.07	5.6063e-07
-5.04	1.77862e-07
-5.01	-2.40639e-07
-4.98	-6.02913e-07
-4.95	-8.31161e-07
-4.92	-8.77587e-07
-4.89	-7.33264e-07
-4.86	-4.28614e-07
-4.83	-2.59237e-08
-4.8	3.94135e-07
-4.77	7.48917e-07
-4.74	9.69772e-07
-4.71	1.01453e-06
-4.68	8.74343e-07
-4.65	5.74048e-07
-4.62	1.66315e-07
-4.59	-2.78814e-07
-4.56	-6.86873e-07
-4.53	-9.91922e-07
-4.5	-1.14724e-06
-4.47	-1.13213e-06
-4.44	-9.53876e-07
-4.41	-6.45073e-07
-4.38	-2.56901e-07
-4.35	1.50073e-07
-4.32	5.15975e-07
-4.29	7.90894e-07
-4.26	9.41934e-07
-4.23	9.57134e-07
-4.2	8.45888e-07
-4.17	6.36076e-07
-4.14	3.68588e-07
-4.11	9.02684e-08
-4.08	-1.53561e-07
-4.05	-3.25867e-07
-4.02	-4.03028e-07
-3.99	-3.77701e-07
-3.96	-2.59183e-07
-3.93	-7.13886e-08
-3.9	1.51119e-07
-3.87	3.68368e-07
-3.84	5.4071e-07
-3.81	6.34251e-07
-3.78	6.25308e-07
-3.75	5.03366e-07
-3.72	2.72279e-07
-3.69	-5.03395e-08
-3.66	-4.35338e-07
-3.63	-8.45506e-07
-3.6	-1.23983e-06
-3.57	-1.57796e-06
-3.54	-1.82447e-06
-3.51	-1.9523e-06
-3.48	-1.94521e-06
-3.45	-1.79905e-06
-3.42	-1.52163e-06
-3.39	-1.13155e-06
-3.36	-6.55977e-07
-3.33	-1.27782e-07
-3.3	4.17675e-07
-3.27	9.45764e-07
-3.24	1.42552e-06
-3.21	1.83201e-06
-3.18	2.14801e-06
-3.15	2.36483e-06
-3.12	2.48233e-06
-3.09	2.50818e-06
-3.06	2.45647e-06
-3.03	2.34588e-06
-3	2.19757e-06
-2.97	2.03299e-06
-2.94	1.87185e-06
-2.91	1.73035e-06
-2.88	1.6198e-06
-2.85	1.54576e-06
-2.82	1.50771e-06
-2.79	1.49916e-06
-2.76	1.50836e-06
-2.73	1.51924e-06
-2.7	1.51279e-06
-2.67	1.46851e-06
-2.64	1.36596e-06
-2.61	1.18626e-06
-2.58	9.13467e-07
-2.55	5.35642e-07
-2.52	4.57249e-08
-2.49	-5.57976e-07
-2.46	-1.27162e-06
-2.43	-2.08599e-06
-2.4	-2.98698e-06
-2.37	-3.95627e-06
-2.34	-4.97232e-06
-2.31	-6.01139e-06
-2.28	-7.04872e-06
-2.25	-8.05964e-06
-2.22	-9.02074e-06
-2.19	-9.9108e-06
-2.16	-1.07117e-05
-2.13	-1.14092e-05
-2.1	-1.19932e-05
-2.07	-1.24581e-05
-2.04	-1.28029e-05
-2.01	-1.30312e-05
-1.98	-1.31505e-05
-1.95	-1.31722e-05
-1.92	-1.31107e-05
-1.89	-1.29825e-05
-1.86	-1.28063e-05
-1.83	-1.26011e-05
-1.8	-1.23866e-05
-1.77	-1.21814e-05
-1.74	-1.20033e-05
-1.71	-1.18682e-05
-1.68	-1.17899e-05
-1.65	-1.17797e-05
-1.62	-1.18461e-05
-1.59	-1.19949e-05
-1.56	-1.22292e-05
-1.53	-1.25495e-05
-1.5	-1.29537e-05
-1.47	-1.34377e-05
-1.44	-1.39958e-05
-1.41	-1.46209e-05
-1.38	-1.53049e-05
-1.35	-1.60397e-05
-1.32	-1.68174e-05
-1.29	-1.76305e-05
-1.26	-1.8473e-05
-1.23	-1.93403e-05
-1.2	-2.02296e-05
-1.17	-2.11401e-05
-1.14	-2.20737e-05
-1.11	-2.30342e-05
-1.08	-2.40285e-05
-1.05	-2.50664e-05
-1.02	-2.61604e-05
-0.99	-2.73264e-05
-0.96	-2.85831e-05
-0.93	-2.99521e-05
-0.9	-3.14573e-05
-0.87	-3.31248e-05
-0.84	-3.49824e-05
-0.81	-3.70592e-05
-0.78	-3.93851e-05
-0.75	-4.19912e-05
-0.72	-4.49087e-05
-0.69	-4.81693e-05
-0.66	-5.18039e-05
-0.63	-5.58426e-05
-0.6	-6.03135e-05
-0.57	-6.52415e-05
-0.54	-7.06478e-05
-0.51	-7.65488e-05
-0.48	-8.29549e-05
-0.45	-8.98693e-05
-0.42	-9.72875e-05
-0.39	-0.000105195
-0.36	-0.000113568
-0.33	-0.000122367
-0.3	-0.000131541
-0.27	-0.000141021
-0.24	-0.000150722
-0.21	-0.000160538
-0.18	-0.000170343
-0.15	-0.000179988
-0.12	-0.000189301
-0.09	-0.000198089
-0.06	-0.000206131
-0.03	-0.000213186
0	-0.00021899
0.03	-0.000223257
0.06	-0.000225682
0.09	-0.000225945
0.12	-0.000223712
0.15	-0.000218637
0.18	-0.000210371
0.21	-0.000198566
0.24	-0.000182883
0.27	-0.000162998
0.3	-0.000138618
0.33	-0.00010949
0.36	-7.54145e-05
0.39	-3.62646e-05
0.42	7.99881e-06
0.45	5.73078e-05
0.48	0.000111468
0.51	0.000170136
0.54	0.000232805
0.57	0.000298781
0.6	0.000367166
0.63	0.000436848
0.66	0.00050649
0.69	0.000574524
0.72	0.000639158
0.75	0.000698386
0.78	0.000750009
0.81	0.000791674
0.84	0.000820912
0.87	0.000835207
0.9	0.000832064
0.93	0.000809105
0.96	0.000764166
0.99	0.000695416
1.02	0.000601488
1.05	0.00048161
1.08	0.000335743
1.11	0.000164722
1.14	-2.96171e-05
1.17	-0.000244328
1.2	-0.000475263
1.23	-0.000717023
1.26	-0.000962948
1.29	-0.00120516
1.32	-0.00143469
1.35	-0.00164164
1.38	-0.00181545
1.41	-0.00194525
1.44	-0.00202028
1.47	-0.00203042
1.5	-0.00196672
1.53	-0.00182207
1.56	-0.0015918
1.59	-0.00127439
1.62	-0.000872066
1.65	-0.000391304
1.68	0.000156726
1.71	0.000755946
1.74	0.00138537
1.77	0.00201936
1.8	0.00262825
1.83	0.00317925
1.86	0.00363772
1.89	0.00396884
1.92	0.00413957
1.95	0.00412078
1.98	0.00388972
2.01	0.00343231
2.04	0.00274554
2.07	0.00183935
2.1	0.000738215
2.13	-0.000518086
2.16	-0.00187454
2.19	-0.00326203
2.22	-0.00459961
2.25	-0.00579812
2.28	-0.00676486
2.31	-0.00740952
2.34	-0.00765085
2.37	-0.00742392
2.4	-0.00668735
2.43	-0.00543011
2.46	-0.003677
2.49	-0.00149249
2.52	0.00101812
2.55	0.00371055
2.58	0.0064068
2.61	0.00890428
2.64	0.0109884
2.67	0.0124483
2.7	0.0130953
2.73	0.0127817
2.76	0.0114201
2.79	0.00900003
2.82	0.00560022
2.85	0.00139518
2.88	-0.00334631
2.91	-0.0082718
2.94	-0.0129655
2.97	-0.016978
3	-0.0198643
3.03	-0.0212276
3.06	-0.020765
3.09	-0.0183118
3.12	-0.0138779
3.15	-0.00767251
3.18	-0.000111019
3.21	0.00819841
3.24	0.0164918
3.27	0.023909
3.3	0.0295738
3.33	0.0326881
3.36	0.0326319
3.39	0.0290588
3.42	0.0219739
3.45	0.0117828
3.48	-0.000700118
3.51	-0.0142913
3.54	-0.0275291
3.57	-0.0388126
3.6	-0.0465802
3.63	-0.0495095
3.66	-0.0467172
3.69	-0.0379324
3.72	-0.0236154
3.75	-0.00499673
3.78	0.0159818
3.81	0.0368317
3.84	0.054783
3.87	0.067128
3.9	0.0716063
3.93	0.0667827
3.96	0.0523604
3.99	0.0293724
4.02	0.000203868
4.05	-0.0315852
4.08	-0.0616391
4.11	-0.0853616
4.14	-0.0985847
4.17	-0.0982648
4.2	-0.0830974
4.23	-0.0539404
4.26	-0.0139485
4.29	0.0316473
4.32	0.0761308
4.35	0.112219
4.38	0.133202
4.41	0.134142
4.44	0.112932
4.47	0.0710116
4.5	0.0135563
4.53	-0.0509747
4.56	-0.111941
4.59	-0.158178
4.62	-0.179978
4.65	-0.17107
4.68	-0.130225
4.71	-0.0620968
4.74	0.022958
4.77	0.110223
4.8	0.183015
4.83	0.225797
4.86	0.22746
4.89	0.184121
4.92	0.10074
4.95	-0.00892606
4.98	-0.124287
5.01	-0.221605
5.04	-0.278821
5.07	-0.280577
5.1	-0.222307
5.13	-0.112338
5.16	0.0287365
5.19	0.171592
5.22	0.284133
5.25	0.338716
5.28	0.319047
5.31	0.225031
5.34	0.0741579
5.37	-0.101269
5.4	-0.260815
5.43	-0.365203
5.46	-0.386125
5.49	-0.314116
5.52	-0.162285
5.55	0.0354312
5.58	0.231525
5.61	0.376256
5.64	0.430413
5.67	0.376223
5.7	0.223336
5.73	0.00787805
5.76	-0.215689
5.79	-0.388221
5.82	-0.461691
5.85	-0.412908
5.88	-0.251174
5.91	-0.0173299
5.94	0.226142
5.97	0.411684
6	0.4856
6.03	0.42401
6.06	0.241017
6.09	-0.0137752
6.12	-0.268295
6.15	-0.448305
6.18	-0.499315
6.21	-0.403594
6.24	-0.186846
6.27	0.0880183
6.3	0.338784
6.33	0.488544
6.36	0.489679
6.39	0.339631
6.42	0.083104
6.45	-0.200668
6.48	-0.422165
6.51	-0.51003
6.54	-0.434633
6.57	-0.218821
6.6	0.0682426
6.63	0.332808
6.66	0.487167
6.69	0.479201
6.72	0.310765
6.75	0.0381758
6.78	-0.24601
6.81	-0.44427
6.84	-0.487947
6.87	-0.361793
6.9	-0.110206
6.93	0.177672
6.96	0.399259
6.99	0.47537
7.02	0.37927
7.05	0.147015
7.08	-0.135259
7.11	-0.36292
7.14	-0.451871
7.17	-0.370375
7.2	-0.151338
7.23	0.120072
7.26	0.339159
7.29	0.422339
7.32	0.339812
7.35	0.127174
7.38	-0.128976
7.41	-0.325941
7.44	-0.386419
7.47	-0.289655
7.5	-0.0793514
7.53	0.155107
7.56	0.316374
7.59	0.339971
7.62	0.220891
7.65	0.0146019
7.68	-0.187925
7.71	-0.300213
7.74	-0.277722
7.77	-0.136236
7.8	0.0567801
7.83	0.213688
7.86	0.266543
7.89	0.197082
7.92	0.04327
7.95	-0.120175
7.98	-0.217699
8.01	-0.208092
8.04	-0.102353
8.07	0.0438111
8.1	0.15855
8.13	0.189111
8.16	0.126416
8.19	0.00728012
8.22	-0.106053
8.25	-0.158075
8.28	-0.127337
8.31	-0.0353154
8.34	0.0669228
8.37	0.126527
8.4	0.116153
8.43	0.0465804
8.46	-0.0412794
8.49	-0.0998131
8.52	-0.100375
8.55	-0.0473506
8.58	0.0263883
8.61	0.07921
8.64	0.0840479
8.67	0.0422803
8.7	-0.0190222
8.73	-0.064018
8.76	-0.0688627
8.79	-0.0343306
8.82	0.0164374
8.85	0.0528816
8.88	0.0552469
8.91	0.025259
8.94	-0.0165446
8.97	-0.0444078
9	-0.043082
9.03	-0.0161175
9.06	0.0177924
9.09	0.0373986
9.12	0.0321019
9.15	0.00759636
9.18	-0.0190307
9.21	-0.0309391
9.24	-0.0221095
9.27	-0.000223487
9.3	0.0194309
9.33	0.0244522
9.36	0.0130954
9.39	-0.00554184
9.42	-0.0184675
9.45	-0.0177367
9.48	-0.00527933
9.51	0.00930527
9.54	0.015942
9.57	0.0109753
9.6	-0.000934
9.63	-0.0108141
9.66	-0.0120264
9.69	-0.00468281
9.72	0.00508996
9.75	0.0100865
9.78	0.00727653
9.81	-0.000430925
9.84	-0.00689069
9.87	-0.00753244
9.9	-0.00255876
9.93	0.00369423
9.96	0.00641557
9.99	0.00397989
10.02	-0.00115797
10.05	-0.00476283
10.08	-0.00425565
10.11	-0.00052732
10.14	0.0031291
10.17	0.00385891
10.2	0.00144926
10.23	-0.00179385
10.26	-0.00317113
10.29	-0.00180912
10.32	0.000837614
10.35	0.00244097
10.38	0.0018162
10.41	-0.000228325
10.44	-0.00179907
10.47	-0.00163778
10.5	-0.000111972
10.53	0.00129336
10.56	0.00138695
10.59	0.000266748
10.62	-0.000923804
10.65	-0.00112953
10.68	-0.000306017
10.71	0.000668118
10.74	0.000897268
10.77	0.000280878
10.8	-0.000497771
10.83	-0.000700817
10.86	-0.000225065
10.89	0.000386225
10.92	0.000539627
10.95	0.000159138
10.98	-0.000312123
11.01	-0.000408493
11.04	-9.48418e-05
11.07	0.000259744
11.1	0.000301303
11.13	3.85493e-05
11.16	-0.000218342
11.19	-0.000212913
11.22	6.41139e-06
11.25	0.000181219
11.28	0.000139873
11.31	-3.84238e-05
11.34	-0.000144896
11.37	-8.045e-05
11.4	5.70132e-05
11.43	0.000108452
11.46	3.42199e-05
11.49	-6.27762e-05
11.52	-7.29473e-05
11.55	-1.37395e-06
11.58	5.75351e-05
11.61	4.07756e-05
11.64	-1.8129e-05
11.67	-4.44193e-05
11.7	-1.48106e-05
11.73	2.53724e-05
11.76	2.76176e-05
11.79	-2.63402e-06
11.82	-2.29858e-05
11.85	-1.16411e-05
11.88	1.08291e-05
11.91	1.50209e-05
11.94	1.53035e-07
11.97	-1.12032e-05
12	-6.0341e-06
12.03	5.18975e-06
12.06	7.0323e-06
12.09	-3.54296e-07
12.12	-5.24558e-06
12.15	-2.16082e-06
12.18	2.75072e-06
12.21	2.71131e-06
12.24	-7.64988e-07
12.27	-2.17727e-06
12.3	-3.50383e-07
12.33	1.32728e-06
12.36	7.37014e-07
12.39	-5.98751e-07
12.42	-6.9577e-07
12.45	1.36809e-07
12.48	4.88407e-07
12.51	8.18728e-08
12.54	-2.73544e-07
12.57	-1.40799e-07
12.6	1.17465e-07
12.63	1.2112e-07
12.66	-2.89706e-08
12.69	-7.80259e-08
12.72	-8.63093e-09
12.75	3.96636e-08
12.78	1.6994e-08
12.81	-1.50445e-08
12.84	-1.30855e-08
12.87	3.04403e-09
12.9	6.79592e-09
12.93	8.99933e-10
12.96	-2.2198e-09
12.99	-1.08785e-09
13.02	2.34814e-11
13.05	2.47527e-10
13.08	5.24986e-10
13.11	4.07661e-10
13.14	-3.37107e-10
13.17	-6.15825e-10
13.2	1.61491e-11
13.23	5.16407e-10
13.26	1.85301e-10
13.29	-3.11608e-10
13.32	-2.37243e-10
13.35	1.31492e-10
13.38	1.97307e-10
13.41	-2.09941e-11
13.44	-1.28042e-10
13.47	-2.66051e-11
13.5	6.69437e-11
13.53	3.54759e-11
13.56	-2.68326e-11
13.59	-2.76841e-11
13.62	6.02142e-12
13.65	1.66386e-11
13.68	2.1125e-12
13.71	-8.00016e-12
13.74	-3.75264e-12
13.77	2.87924e-12
13.8	2.95367e-12
13.83	-4.72875e-13
13.86	-1.73583e-12
13.89	-3.62795e-13
13.92	8.11791e-13
13.95	4.74916e-13
13.98	-2.86929e-13
14.01	-3.50616e-13
14.04	5.06144e-14
14.07	2.05546e-13
14.1	3.02893e-14
14.13	-1.01105e-13
14.16	-4.15754e-14
14.19	4.21712e-14
14.22	3.08539e-14
14.25	-1.46474e-14
14.28	-1.8789e-14
14.31	3.09026e-15
14.34	9.67975e-15
14.37	4.79647e-16
14.4	-4.37695e-15
14.43	-9.3427e-16
14.46	1.94353e-15
14.49	8.54884e-16
14.52	-6.72538e-16
14.55	-4.85519e-16
14.58	1.88929e-16
14.61	2.00743e-16
14.64	-9.2763e-17
14.67	-1.39756e-16
14.7	-1.21959e-17
14.73	4.19926e-17
14.76	1.26208e-17
14.79	-2.03604e-18
14.82	1.47964e-17
14.85	2.50019e-17
14.88	1.67282e-17
14.91	5.41197e-18
14.94	-1.50184e-31
14.97	-3.12357e-31
