-15	-5.69181e-29
-14.97	-2.57272e-30
-14.94	-1.16715e-31
-14.91	-5.31439e-33
-14.88	-2.42872e-34
-14.85	-1.11404e-35
-14.82	-5.12894e-37
-14.79	-2.37006e-38
-14.76	-1.09925e-39
-14.73	-5.11736e-41
-14.7	-2.39115e-42
-14.67	-1.12154e-43
-14.64	-5.28644e-45
-14.61	-2.4861e-46
-14.58	-8.72423e-48
-14.55	-1.76109e-49
-14.52	-1.56603e-47
-14.49	-3.65619e-47
-14.46	-8.47593e-47
-14.43	-2.07301e-46
-14.4	-4.66679e-46
-14.37	-9.85357e-46
-14.34	-1.96763e-45
-14.31	-3.72666e-45
-14.28	-6.73581e-45
-14.25	-1.16663e-44
-14.22	-1.94494e-44
-14.19	-3.14514e-44
-14.16	-4.98074e-44
-14.13	-7.81009e-44
-14.1	-1.22715e-43
-14.07	-1.95538e-43
-14.04	-3.19893e-43
-14.01	-5.44029e-43
-13.98	-9.6994e-43
-13.95	-1.80528e-42
-13.92	-3.42979e-42
-13.89	-6.41035e-42
-13.86	-1.12738e-41
-13.83	-1.76663e-41
-13.8	-2.24348e-41
-13.77	-1.65416e-41
-13.74	1.7795e-41
-13.71	1.05287e-40
-13.68	2.62921e-40
-13.65	4.64115e-40
-13.62	5.8532e-40
-13.59	3.71542e-40
-13.56	-4.94809e-40
-13.53	-2.11845e-39
-13.5	-3.90836e-39
-13.47	-4.19324e-39
-13.44	-6.5667e-40
-13.41	7.64379e-39
-13.38	1.70259e-38
-13.35	1.75838e-38
-13.32	-1.7458e-39
-13.29	-3.91661e-38
-13.26	-6.59134e-38
-13.23	-3.45641e-38
-13.2	7.24913e-38
-13.17	1.80493e-37
-13.14	1.33183e-37
-13.11	-1.47088e-37
-13.08	-4.45106e-37
-13.05	-3.03673e-37
-13.02	4.37327e-37
-12.99	1.05469e-36
-12.96	3.75302e-37
-12.93	-1.48261e-36
-12.9	-2.10395e-36
-12.87	6.68951e-37
-12.84	4.20985e-36
-12.81	2.16591e-36
-12.78	-5.60703e-36
-12.75	-7.38825e-36
-12.72	4.99978e-36
-12.69	1.51083e-35
-12.66	-1.01414e-36
-12.63	-2.54714e-35
-12.6	-7.62679e-36
-12.57	3.94828e-35
-12.54	2.2154e-35
-12.51	-6.07636e-35
-12.48	-4.68737e-35
-12.45	8.44322e-35
-12.42	4.42519e-35
-12.39	-2.2947e-34
-12.36	-2.48723e-34
-12.33	2.71273e-34
-12.3	2.15948e-33
-12.27	1.36302e-32
-12.24	7.0239e-32
-12.21	3.01257e-31
-12.18	1.15651e-30
-12.15	4.08741e-30
-12.12	1.33816e-29
-12.09	4.06193e-29
-12.06	1.13909e-28
-12.03	2.91888e-28
-12	6.67095e-28
-11.97	1.28323e-27
-11.94	1.70562e-27
-11.91	-4.98835e-28
-11.88	-1.42016e-26
-11.85	-6.59804e-26
-11.82	-2.25333e-25
-11.79	-6.54256e-25
-11.76	-1.69106e-24
-11.73	-3.96523e-24
-11.7	-8.50174e-24
-11.67	-1.67017e-23
-11.64	-2.99999e-23
-11.61	-4.89734e-23
-11.58	-7.18578e-23
-11.55	-9.29504e-23
-11.52	-1.022e-22
-11.49	-8.78719e-23
-11.46	-4.3558e-23
-11.43	2.18393e-23
-11.4	7.65283e-23
-11.37	6.83107e-23
-11.34	-5.86201e-23
-11.31	-3.37821e-22
-11.28	-7.59578e-22
-11.25	-1.26597e-21
-11.22	-1.75827e-21
-11.19	-2.10221e-21
-11.16	-2.1306e-21
-11.13	-1.67178e-21
-11.1	-6.36002e-22
-11.07	8.59142e-22
-11.04	2.40833e-21
-11.01	3.37735e-21
-10.98	3.13642e-21
-10.95	1.42011e-21
-10.92	-1.32783e-21
-10.89	-3.87564e-21
-10.86	-4.65036e-21
-10.83	-2.69773e-21
-10.8	1.34822e-21
-10.77	5.11107e-21
-10.74	5.70131e-21
-10.71	1.94545e-21
-10.68	-3.96874e-21
-10.65	-7.33251e-21
-10.62	-4.56048e-21
-10.59	2.90705e-21
-10.56	8.53666e-21
-10.53	6.15284e-21
-10.5	-3.12902e-21
-10.47	-1.01439e-20
-10.44	-6.35848e-21
-10.41	5.50651e-21
-10.38	1.20357e-20
-10.35	3.96977e-21
-10.32	-1.03179e-20
-10.29	-1.22504e-20
-10.26	2.79903e-21
-10.23	1.55555e-20
-10.2	6.63113e-21
-10.17	-1.34581e-20
-10.14	-1.46644e-20
-10.11	7.65199e-21
-10.08	1.97788e-20
-10.05	-3.10966e-22
-10.02	-2.2047e-20
-9.99	-6.91349e-21
-9.96	2.2424e-20
-9.93	1.31556e-20
-9.9	-2.20986e-20
-9.87	-1.80848e-20
-9.84	2.2297e-20
-9.81	2.19072e-20
-9.78	-2.3406e-20
-9.75	-2.35891e-20
-9.72	2.69281e-20
-9.69	2.08369e-20
-9.66	-4.74501e-20
-9.63	-7.13338e-20
-9.6	-1.09895e-19
-9.57	-3.94628e-19
-9.54	-1.07103e-18
-9.51	-2.39153e-18
-9.48	-5.19233e-18
-9.45	-1.08128e-17
-9.42	-2.0869e-17
-9.39	-3.7544e-17
-9.36	-6.32002e-17
-9.33	-9.84673e-17
-9.3	-1.40195e-16
-9.27	-1.79762e-16
-9.24	-2.01567e-16
-9.21	-1.85254e-16
-9.18	-1.15253e-16
-9.15	4.9982e-18
-9.12	1.39707e-16
-9.09	2.17025e-16
-9.06	1.49615e-16
-9.03	-1.1704e-16
-9	-5.51506e-16
-8.97	-1.01519e-15
-8.94	-1.30502e-15
-8.91	-1.25882e-15
-8.88	-8.57434e-16
-8.85	-2.37586e-16
-8.82	3.98719e-16
-8.79	8.96528e-16
-8.76	1.17013e-15
-8.73	1.1257e-15
-8.7	6.4547e-16
-8.67	-2.42871e-16
-8.64	-1.17189e-15
-8.61	-1.53665e-15
-8.58	-9.67873e-16
-8.55	2.47866e-16
-8.52	1.31365e-15
-8.49	1.52249e-15
-8.46	7.28087e-16
-8.43	-6.02336e-16
-8.4	-1.5992e-15
-8.37	-1.41152e-15
-8.34	3.94144e-17
-8.31	1.59322e-15
-8.28	1.71708e-15
-8.25	1.6062e-16
-8.22	-1.58997e-15
-8.19	-1.77925e-15
-8.16	-1.39337e-16
-8.13	1.75578e-15
-8.1	1.80171e-15
-8.07	-3.04071e-16
-8.04	-2.17835e-15
-8.01	-1.39126e-15
-7.98	1.19613e-15
-7.95	2.27839e-15
-7.92	3.1134e-16
-7.89	-2.37038e-15
-7.86	-2.23957e-15
-7.83	2.68146e-16
-7.8	3.99663e-16
-7.77	-4.62382e-15
-7.74	-1.21995e-14
-7.71	-2.02551e-14
-7.68	-3.42992e-14
-7.65	-6.58069e-14
-7.62	-1.2333e-13
-7.59	-2.12276e-13
-7.56	-3.45268e-13
-7.53	-5.44765e-13
-7.5	-8.28499e-13
-7.47	-1.1951e-12
-7.44	-1.62669e-12
-7.41	-2.09269e-12
-7.38	-2.5369e-12
-7.35	-2.8705e-12
-7.32	-3.00231e-12
-7.29	-2.88603e-12
-7.26	-2.53862e-12
-7.23	-2.03194e-12
-7.2	-1.48018e-12
-7.17	-9.96378e-13
-7.14	-6.02762e-13
-7.11	-1.85338e-13
-7.08	4.10561e-13
-7.05	1.19877e-12
-7.02	1.92572e-12
-6.99	2.09233e-12
-6.96	1.19747e-12
-6.93	-8.12425e-13
-6.9	-3.22214e-12
-6.87	-4.8304e-12
-6.84	-4.84035e-12
-6.81	-3.72767e-12
-6.78	-3.32118e-12
-6.75	-5.72976e-12
-6.72	-1.16125e-11
-6.69	-1.92464e-11
-6.66	-2.55594e-11
-6.63	-2.83913e-11
-6.6	-2.78563e-11
-6.57	-2.55236e-11
-6.54	-2.22364e-11
-6.51	-1.68752e-11
-6.48	-7.70732e-12
-6.45	4.90437e-12
-6.42	1.7389e-11
-6.39	2.44939e-11
-6.36	2.21135e-11
-6.33	9.99444e-12
-6.3	-6.93907e-12
-6.27	-2.01689e-11
-6.24	-2.24384e-11
-6.21	-1.32083e-11
-6.18	5.70483e-13
-6.15	1.019e-11
-6.12	1.0788e-11
-6.09	6.12845e-13
-6.06	-2.14357e-11
-6.03	-5.35816e-11
-6	-8.95006e-11
-5.97	-1.26573e-10
-5.94	-1.77728e-10
-5.91	-2.66388e-10
-5.88	-4.01162e-10
-5.85	-5.5514e-10
-5.82	-6.6806e-10
-5.79	-6.60266e-10
-5.76	-4.37227e-10
-5.73	1.19687e-10
-5.7	1.15324e-09
-5.67	2.7879e-09
-5.64	5.03632e-09
-5.61	7.69162e-09
-5.58	1.02635e-08
-5.55	1.19939e-08
-5.52	1.19776e-08
-5.49	9.40951e-09
-5.46	3.91436e-09
-5.43	-4.16064e-09
-5.4	-1.36068e-08
-5.37	-2.24719e-08
-5.34	-2.85164e-08
-5.31	-2.99312e-08
-5.28	-2.5983e-08
-5.25	-1.72205e-08
-5.22	-5.17125e-09
-5.19	8.16716e-09
-5.16	2.0634e-08
-5.13	2.98977e-08
-5.1	3.33921e-08
-5.07	2.86716e-08
-5.04	1.46001e-08
-5.01	-6.84686e-09
-4.98	-2.94654e-08
-4.95	-4.40396e-08
-4.92	-4.23376e-08
-4.89	-2.21646e-08
-4.86	9.78649e-09
-4.83	3.98087e-08
-4.8	5.3425e-08
-4.77	4.27034e-08
-4.74	1.07124e-08
-4.71	-2.89123e-08
-4.68	-5.70853e-08
-4.65	-5.76338e-08
-4.62	-2.62839e-08
-4.59	2.38832e-08
-4.56	6.54803e-08
-4.53	7.06451e-08
-4.5	3.03534e-08
-4.47	-3.43298e-08
-4.44	-8.14774e-08
-4.41	-7.58904e-08
-4.38	-1.62452e-08
-4.35	5.96319e-08
-4.32	9.79394e-08
-4.29	6.6572e-08
-4.26	-1.81548e-08
-4.23	-9.66819e-08
-4.2	-1.0567e-07
-4.17	-2.89585e-08
-4.14	7.97734e-08
-4.11	1.30829e-07
-4.08	7.25201e-08
-4.05	-5.53272e-08
-4.02	-1.44453e-07
-3.99	-1.09634e-07
-3.96	2.89892e-08
-3.93	1.52304e-07
-3.9	1.42216e-07
-3.87	-5.78319e-09
-3.84	-1.62125e-07
-3.81	-1.71839e-07
-3.78	-8.41116e-09
-3.75	1.79107e-07
-3.72	1.97522e-07
-3.69	9.63928e-09
-3.66	-2.05091e-07
-3.63	-2.18265e-07
-3.6	4.33101e-09
-3.57	2.42192e-07
-3.54	2.3294e-07
-3.51	-3.9242e-08
-3.48	-2.92736e-07
-3.45	-2.33059e-07
-3.42	1.03801e-07
-3.39	3.50026e-07
-3.36	2.03689e-07
-3.33	-1.99617e-07
-3.3	-3.9921e-07
-3.27	-1.31787e-07
-3.24	3.22616e-07
-3.21	4.20769e-07
-3.18	2.16304e-09
-3.15	-4.5976e-07
-3.12	-3.81322e-07
-3.09	1.93523e-07
-3.06	5.73355e-07
-3.03	2.44358e-07
-3	-4.35734e-07
-2.97	-6.07748e-07
-2.94	9.66227e-09
-2.91	6.75103e-07
-2.88	4.97925e-07
-2.85	-3.71391e-07
-2.82	-8.20659e-07
-2.79	-1.89569e-07
-2.76	7.6552e-07
-2.73	7.56033e-07
-2.7	-3.06199e-07
-2.67	-1.0454e-06
-2.64	-3.85068e-07
-2.61	8.91232e-07
-2.58	1.03352e-06
-2.55	-2.83519e-07
-2.52	-1.32619e-06
-2.49	-5.64763e-07
-2.46	1.08839e-06
-2.43	1.31998e-06
-2.4	-3.73667e-07
-2.37	-1.73361e-06
-2.34	-7.36784e-07
-2.31	1.3869e-06
-2.28	1.5988e-06
-2.25	-6.39257e-07
-2.22	-2.26917e-06
-2.19	-7.8616e-07
-2.16	1.94161e-06
-2.13	1.96707e-06
-2.1	-1.02476e-06
-2.07	-2.81435e-06
-2.04	-5.15589e-07
-2.01	2.88251e-06
-1.98	2.37085e-06
-1.95	-1.68004e-06
-1.92	-3.4464e-06
-1.89	7.82053e-08
-1.86	4.13867e-06
-1.83	2.60803e-06
-1.8	-2.75025e-06
-1.77	-4.06166e-06
-1.74	1.24492e-06
-1.71	5.82759e-06
-1.68	2.57814e-06
-1.65	-4.36829e-06
-1.62	-4.69616e-06
-1.59	2.85897e-06
-1.56	7.45475e-06
-1.53	1.47466e-06
-1.5	-7.27259e-06
-1.47	-5.77665e-06
-1.44	4.65641e-06
-1.41	8.70695e-06
-1.38	-9.22712e-07
-1.35	-1.12081e-05
-1.32	-6.44104e-06
-1.29	7.82542e-06
-1.26	1.07481e-05
-1.23	-3.51918e-06
-1.2	-1.49584e-05
-1.17	-5.32813e-06
-1.14	1.35148e-05
-1.11	1.40404e-05
-1.08	-6.71388e-06
-1.05	-1.95508e-05
-1.02	-3.71351e-06
-0.99	2.03647e-05
-0.96	1.69516e-05
-0.93	-1.26179e-05
-0.9	-2.72005e-05
-0.87	-2.93105e-06
-0.84	2.85787e-05
-0.81	2.0678e-05
-0.78	-2.0226e-05
-0.75	-3.73222e-05
-0.72	-1.53196e-06
-0.69	4.16264e-05
-0.66	2.96409e-05
-0.63	-2.69894e-05
-0.6	-5.05778e-05
-0.57	-1.23156e-06
-0.54	5.9727e-05
-0.51	4.51652e-05
-0.48	-3.52992e-05
-0.45	-7.6111e-05
-0.42	-1.42275e-05
-0.39	7.5013e-05
-0.36	6.60222e-05
-0.33	-4.6188e-05
-0.3	-0.000121929
-0.27	-5.16673e-05
-0.24	8.78076e-05
-0.21	0.000113856
-0.18	-2.51901e-05
-0.15	-0.000160045
-0.12	-9.82959e-05
-0.09	0.000119334
-0.06	0.000239598
-0.03	0.000102436
0	-0.000134795
0.03	-0.00015878
0.06	0.000112237
0.09	0.000384942
0.12	0.000307133
0.15	-9.65268e-05
0.18	-0.000401075
0.21	-0.00025378
0.24	0.000175702
0.27	0.000322303
0.3	-0.000146413
0.33	-0.000887328
0.36	-0.00117469
0.39	-0.000683851
0.42	7.87708e-05
0.45	0.000241985
0.48	-0.000474731
0.51	-0.00132382
0.54	-0.00117002
0.57	0.000340535
0.6	0.00227143
0.63	0.00318126
0.66	0.00255627
0.69	0.00149186
0.72	0.00181531
0.75	0.00430608
0.78	0.0076465
0.81	0.00923688
0.84	0.00737451
0.87	0.00295211
0.9	-0.000961541
0.93	-0.00158868
0.96	0.000938082
0.99	0.00307265
1.02	0.000223309
1.05	-0.00955307
1.08	-0.0233689
1.11	-0.0348665
1.14	-0.0386882
1.17	-0.0352017
1.2	-0.0319822
1.23	-0.0402676
1.26	-0.0676777
1.29	-0.111041
1.32	-0.153631
1.35	-0.16916
1.38	-0.131562
1.41	-0.026651
1.44	0.139311
1.47	0.337874
1.5	0.524395
1.53	0.649681
1.56	0.673339
1.59	0.574731
1.62	0.358637
1.65	0.0546608
1.68	-0.288862
1.71	-0.614532
1.74	-0.866806
1.77	-1.00202
1.8	-0.995914
1.83	-0.847559
1.86	-0.579323
1.89	-0.232885
1.92	0.13801
1.95	0.476863
1.98	0.734229
2.01	0.87625
2.04	0.89029
2.07	0.78646
2.1	0.594571
2.13	0.357007
2.16	0.119109
2.19	-0.0805478
2.22	-0.217423
2.25	-0.284019
2.28	-0.288197
2.31	-0.247952
2.34	-0.184766
2.37	-0.11776
2.4	-0.0601299
2.43	-0.0182305
2.46	0.00728483
2.49	0.0193085
2.52	0.0221059
2.55	0.0197412
2.58	0.0152761
2.61	0.0106052
2.64	0.00665842
2.67	0.00372752
2.7	0.00176037
2.73	0.000564855
2.76	-7.66651e-05
2.79	-0.000355479
2.82	-0.000419815
2.85	-0.000374512
2.88	-0.000287211
2.91	-0.000196648
2.94	-0.000121123
2.97	-6.60569e-05
3	-2.99731e-05
3.03	-8.63091e-06
3.06	2.54496e-06
3.09	7.34571e-06
3.12	8.48866e-06
3.15	7.73921e-06
3.18	6.16634e-06
3.21	4.38485e-06
3.24	2.73157e-06
3.27	1.37599e-06
3.3	3.83839e-07
3.33	-2.47375e-07
3.36	-5.65327e-07
3.39	-6.44132e-07
3.42	-5.67758e-07
3.45	-4.15152e-07
3.48	-2.48765e-07
3.51	-1.08969e-07
3.54	-1.40753e-08
3.57	3.54036e-08
3.6	4.97006e-08
3.63	4.27498e-08
3.66	2.7291e-08
3.69	1.21339e-08
3.72	1.51283e-09
3.75	-3.75601e-09
3.78	-4.75433e-09
3.81	-3.34742e-09
3.84	-1.22254e-09
3.87	6.17776e-10
3.9	1.70474e-09
3.93	1.93456e-09
3.96	1.54516e-09
3.99	8.69616e-10
4.02	1.18657e-10
4.05	-5.30883e-10
4.08	-9.16084e-10
4.11	-1.0278e-09
4.14	-9.52953e-10
4.17	-7.2603e-10
4.2	-3.9036e-10
4.23	-6.14772e-11
4.26	1.90348e-10
4.29	3.79889e-10
4.32	4.9663e-10
4.35	5.04138e-10
4.38	4.34434e-10
4.41	3.49487e-10
4.44	2.49691e-10
4.47	1.20014e-10
4.5	-4.18364e-14
4.53	-7.36055e-11
4.56	-1.23299e-10
4.59	-1.72178e-10
4.62	-1.97463e-10
4.65	-1.85938e-10
4.68	-1.68878e-10
4.71	-1.66666e-10
4.74	-1.56345e-10
4.77	-1.22516e-10
4.8	-8.99291e-11
4.83	-7.9667e-11
4.86	-7.54362e-11
4.89	-5.86449e-11
4.92	-4.26034e-11
4.95	-4.58684e-11
4.98	-5.71598e-11
5.01	-5.3398e-11
5.04	-3.659e-11
5.07	-2.75845e-11
5.1	-3.11396e-11
5.13	-3.04505e-11
5.16	-1.61629e-11
5.19	-1.21938e-12
5.22	-3.67074e-13
5.25	-8.47465e-12
5.28	-9.43317e-12
5.31	3.43061e-13
5.34	8.25783e-12
5.37	4.37208e-12
5.4	-5.26432e-12
5.43	-7.69268e-12
5.46	-1.16757e-13
5.49	7.53706e-12
5.52	5.90643e-12
5.55	-2.66958e-12
5.58	-7.93869e-12
5.61	-4.1095e-12
5.64	4.16701e-12
5.67	7.81221e-12
5.7	3.25529e-12
5.73	-4.49626e-12
5.76	-7.68578e-12
5.79	-3.51628e-12
5.82	3.80137e-12
5.85	7.60416e-12
5.88	4.8217e-12
5.91	-1.88867e-12
5.94	-6.97711e-12
5.97	-6.65481e-12
6	-1.47531e-12
6.03	4.64544e-12
6.06	7.56374e-12
6.09	5.63186e-12
6.12	3.38655e-13
6.15	-5.06237e-12
6.18	-7.6581e-12
6.21	-6.35032e-12
6.24	-2.06812e-12
6.27	3.05734e-12
6.3	6.86991e-12
6.33	8.07457e-12
6.36	6.53156e-12
6.39	3.02012e-12
6.42	-1.2632e-12
6.45	-5.194e-12
6.48	-8.02628e-12
6.51	-9.47787e-12
6.54	-9.64979e-12
6.57	-8.8691e-12
6.6	-7.53234e-12
6.63	-5.99391e-12
6.66	-4.51041e-12
6.69	-3.2307e-12
6.72	-2.21362e-12
6.75	-1.45652e-12
6.78	-9.23128e-13
6.81	-5.64903e-13
6.84	-3.34403e-13
6.87	-1.91801e-13
6.9	-1.06758e-13
6.93	-5.77731e-14
6.96	-3.04762e-14
6.99	-1.57395e-14
7.02	-8.00805e-15
7.05	-4.02452e-15
7.08	-1.95857e-15
7.11	-8.49987e-16
7.14	-2.45554e-16
7.17	4.67079e-17
7.2	1.18085e-16
7.23	4.64332e-17
7.26	-8.11219e-17
7.29	-1.86468e-16
7.32	-2.24187e-16
7.35	-1.88731e-16
7.38	-1.0496e-16
7.41	-9.82744e-18
7.44	6.60958e-17
7.47	1.08364e-16
7.5	1.17451e-16
7.53	1.02583e-16
7.56	7.59787e-17
7.59	4.82536e-17
7.62	2.5544e-17
7.65	9.69968e-18
7.68	3.25293e-19
7.71	-3.90565e-18
7.74	-4.89447e-18
7.77	-4.45703e-18
7.8	-3.56667e-18
7.83	-2.50043e-18
7.86	-1.49831e-18
7.89	-8.58024e-19
7.92	-5.75322e-19
7.95	-3.75545e-19
7.98	-1.34521e-19
8.01	1.07647e-20
8.04	-2.29504e-20
8.07	-9.3057e-20
8.1	-4.98868e-20
8.13	5.15192e-20
8.16	6.48073e-20
8.19	-1.91388e-20
8.22	-7.19752e-20
8.25	-2.33917e-20
8.28	5.46324e-20
8.31	5.67938e-20
8.34	-1.39155e-20
8.37	-6.27202e-20
8.4	-3.34501e-20
8.43	3.3037e-20
8.46	5.90591e-20
8.49	1.81049e-20
8.52	-4.0213e-20
8.55	-5.27636e-20
8.58	-1.21409e-20
8.61	3.67426e-20
8.64	4.93263e-20
8.67	1.79121e-20
8.7	-2.7861e-20
8.73	-4.81817e-20
8.76	-2.82084e-20
8.79	1.16074e-20
8.82	3.90582e-20
8.85	3.81488e-20
8.88	1.42986e-20
8.91	-1.64017e-20
8.94	-3.69876e-20
8.97	-3.65685e-20
9	-1.62525e-20
9.03	1.10532e-20
9.06	3.00241e-20
9.09	3.35926e-20
9.12	2.48369e-20
9.15	1.07197e-20
9.18	-3.9487e-21
9.21	-1.71779e-20
9.24	-2.7238e-20
9.27	-3.16082e-20
9.3	-2.86285e-20
9.33	-1.93922e-20
9.36	-7.64374e-21
9.39	2.25851e-21
9.42	7.57929e-21
9.45	8.07261e-21
9.48	5.34469e-21
9.51	1.56742e-21
9.54	-1.59444e-21
9.57	-3.4027e-21
9.6	-3.89008e-21
9.63	-3.48638e-21
9.66	-2.6846e-21
9.69	-1.84506e-21
9.72	-1.15283e-21
9.75	-6.62736e-22
9.78	-3.5399e-22
9.81	-1.75745e-22
9.84	-8.06658e-23
9.87	-3.48206e-23
9.9	-1.42694e-23
9.93	-4.91389e-24
9.96	-1.31586e-24
9.99	-6.54718e-25
10.02	-2.92339e-25
10.05	2.57855e-25
10.08	1.56301e-25
10.11	-2.32752e-25
10.14	-7.93422e-26
10.17	2.29954e-25
10.2	6.06385e-26
10.23	-2.03018e-25
10.26	-5.30084e-26
10.29	1.78039e-25
10.32	6.08573e-26
10.35	-1.50296e-25
10.38	-7.6773e-26
10.41	1.17938e-25
10.44	9.4719e-26
10.47	-7.85453e-26
10.5	-1.07318e-25
10.53	3.21571e-26
10.56	1.06476e-25
10.59	1.65114e-26
10.62	-8.56653e-26
10.65	-5.69419e-26
10.68	4.43738e-26
10.71	7.50434e-26
10.74	7.1863e-27
10.77	-6.05514e-26
10.8	-4.7795e-26
10.83	1.7813e-26
10.86	5.48722e-26
10.89	2.85119e-26
10.92	-2.33472e-26
10.95	-4.48847e-26
10.98	-2.09151e-26
11.01	1.84964e-26
11.04	3.60249e-26
11.07	2.10847e-26
11.1	-8.1935e-27
11.13	-2.67337e-26
11.16	-2.32746e-26
11.19	-4.69661e-27
11.22	1.3768e-26
11.25	2.08421e-26
11.28	1.49862e-26
11.31	2.32816e-27
11.34	-9.1296e-27
11.37	-1.4289e-26
11.4	-1.24925e-26
11.43	-6.29812e-27
11.46	7.80802e-28
11.49	6.07162e-27
11.52	8.45452e-27
11.55	8.15794e-27
11.58	6.13789e-27
11.61	3.47401e-27
11.64	9.8954e-28
11.67	-8.80251e-28
11.7	-2.03701e-27
11.73	-2.58194e-27
11.76	-2.68164e-27
11.79	-2.48936e-27
11.82	-2.12387e-27
11.85	-1.67759e-27
11.88	-1.22541e-27
11.91	-8.23936e-28
11.94	-5.06437e-28
11.97	-2.8165e-28
12	-1.39212e-28
12.03	-5.88943e-29
12.06	-1.92134e-29
12.09	-2.68987e-30
12.12	2.46138e-30
12.15	2.98944e-30
12.18	2.16436e-30
12.21	1.27078e-30
12.24	6.52974e-31
12.27	3.02679e-31
12.3	1.28387e-31
12.33	5.01518e-32
12.36	1.80604e-32
12.39	5.96976e-33
12.42	1.78897e-33
12.45	4.72187e-34
12.48	1.01673e-34
12.51	1.28995e-35
12.54	-2.61035e-36
12.57	-2.8706e-36
12.6	-1.45549e-36
12.63	-5.84014e-37
12.66	-2.05234e-37
12.69	-6.55408e-38
12.72	-1.9337e-38
12.75	-5.30879e-39
12.78	-1.35749e-39
12.81	-3.21492e-40
12.84	-6.94183e-41
12.87	-1.31308e-41
12.9	-1.87944e-42
12.93	-6.33824e-45
12.96	1.68077e-43
12.99	1.16067e-43
13.02	6.22839e-44
13.05	2.14788e-44
13.08	-3.88676e-45
13.11	-1.07049e-44
13.14	-6.08231e-45
13.17	-8.07788e-46
13.2	1.23111e-45
13.23	2.17973e-45
13.26	3.42481e-45
13.29	3.70721e-45
13.32	2.15198e-45
13.35	-4.73061e-47
13.38	-1.21947e-45
13.41	-1.03323e-45
13.44	-3.39009e-46
13.47	4.8492e-47
13.5	-1.47268e-47
13.53	-2.41598e-46
13.56	-3.65742e-46
13.59	-3.27128e-46
13.62	-2.06931e-46
13.65	-1.02371e-46
13.68	-5.52576e-47
13.71	-4.99654e-47
13.74	-5.03934e-47
13.77	-3.56511e-47
13.8	-9.70248e-48
13.83	1.20707e-47
13.86	1.98256e-47
13.89	1.51329e-47
13.92	5.92862e-48
13.95	-9.58086e-49
13.98	-3.27313e-48
14.01	-2.3385e-48
14.04	-4.50704e-49
14.07	8.83047e-49
14.1	1.28751e-48
14.13	1.05601e-48
14.16	6.11916e-49
14.19	2.30029e-49
14.22	2.32998e-51
14.25	-9.05522e-50
14.28	-1.03221e-49
14.31	-8.20663e-50
14.34	-5.4426e-50
14.37	-3.22776e-50
14.4	-1.73625e-50
14.43	-8.23043e-51
14.46	-3.86157e-51
14.49	-6.10456e-51
14.52	-9.53938e-50
14.55	-1.99334e-48
14.58	-4.1877e-47
14.61	-8.82934e-46
14.64	-1.86857e-44
14.67	-3.9693e-43
14.7	-8.46323e-42
14.73	-1.81123e-40
14.76	-3.89068e-39
14.79	-8.38855e-38
14.82	-1.81533e-36
14.85	-3.94303e-35
14.88	-8.59619e-34
14.91	-1.88097e-32
14.94	-4.13099e-31
14.97	-2.23985e-31
